id.practice,year,Y,Z,post,n.patients,V1_avg,V2_avg,V3_avg,V4_avg,V5_A_avg,V5_B_avg,V5_C_avg
1,1,1120.277612052857,0,0,486,10.63530845053723,2.9917695473251027,0.6460905349794238,0.4752639322477327,0.6069958847736625,0.24279835390946503,0.15020576131687244
1,2,1312.6391562935871,0,0,498,10.869136185189701,2.9558232931726907,0.6224899598393574,0.3796019589747538,0.606425702811245,0.23694779116465864,0.1566265060240964
1,3,1419.4792750560923,0,1,596,11.160921794326738,2.9412751677852347,0.5637583892617449,0.16255766948680936,0.5939597315436241,0.23993288590604026,0.16610738255033558
1,4,1457.0326899704276,0,1,575,11.192164204268652,2.8730434782608696,0.5356521739130434,0.11600441171852131,0.5878260869565217,0.25043478260869567,0.1617391304347826
2,1,755.674143806273,1,0,248,11.811133532317601,2.9838709677419355,0.4596774193548387,-0.3525083313160164,0.7580645161290323,0.12096774193548387,0.12096774193548387
2,2,656.60336681290255,1,0,240,11.565967909123657,2.933333333333333,0.45,-0.3186147518685314,0.7583333333333333,0.12083333333333333,0.12083333333333333
2,3,1003.9304116545212,1,1,255,11.532363832988674,2.8823529411764706,0.4627450980392157,-0.2342296899619339,0.7529411764705882,0.13333333333333333,0.11372549019607843
2,4,1299.119751231486,1,1,245,11.65232990495233,2.7918367346938777,0.47346938775510206,-0.20818737887124844,0.7387755102040816,0.1346938775510204,0.12653061224489795
3,1,808.7975587945023,0,0,1664,11.418282649350681,2.9603365384615383,0.5576923076923077,0.11054378104691442,0.45132211538461536,0.328125,0.2205528846153846
3,2,1006.638579966037,0,0,1632,11.452439664884793,2.9595588235294117,0.5465686274509803,0.10146938895026719,0.45159313725490197,0.32965686274509803,0.21875
3,3,1347.801462733825,0,1,1603,11.517604319149438,2.960698689956332,0.5402370555208983,0.09220845495604955,0.4535246412975671,0.33312538989394885,0.2133499688084841
3,4,1459.0562456259106,0,1,1649,11.448324475810775,2.9587628865979383,0.5445724681625227,0.07488388564189304,0.45542753183747725,0.32504548211036993,0.21952698605215282
4,1,787.8174182833092,0,0,1141,11.456290716073626,3.016652059596845,0.4890446976336547,-0.14876425904436558,0.7388255915863278,0.14198071866783524,0.11919368974583698
4,2,912.0177005786243,0,0,1143,11.448901982135697,3.041119860017498,0.4969378827646544,-0.12805484614716256,0.7340332458442694,0.14435695538057744,0.1216097987751531
4,3,936.5720135313726,0,1,1125,11.489122216647598,3.022222222222222,0.504,-0.12788672502034626,0.7422222222222222,0.13866666666666666,0.11911111111111111
4,4,1164.5163125474173,0,1,1098,11.495457698498575,3.053734061930783,0.5100182149362478,-0.11176995066649971,0.7468123861566485,0.1302367941712204,0.12295081967213115
5,1,872.8880920541226,0,0,211,10.801005479403768,3.1516587677725116,0.6208530805687204,0.4281993736017372,0.6540284360189573,0.25118483412322273,0.0947867298578199
5,2,1070.350598412484,0,0,210,11.00831515887311,3.1333333333333333,0.6095238095238096,0.3855117942200668,0.6571428571428571,0.2571428571428571,0.08571428571428572
5,3,1705.99906284333,0,1,214,10.847873897689357,3.121495327102804,0.5887850467289719,0.29658906976781674,0.6495327102803738,0.26635514018691586,0.08411214953271028
5,4,1504.3602459291178,0,1,214,10.990740468520672,3.0514018691588785,0.5700934579439252,0.1910709066458423,0.6682242990654206,0.2570093457943925,0.07476635514018691
6,1,846.3850411068306,1,0,61,10.337213848992278,2.7868852459016393,0.6229508196721312,0.33870398681036035,0.7213114754098361,0.2459016393442623,0.03278688524590164
6,2,1056.9604444454128,1,0,63,10.226691120429736,2.857142857142857,0.6666666666666666,0.40907371377889135,0.6984126984126984,0.2698412698412698,0.031746031746031744
6,3,1053.5838488807983,1,1,103,10.593212393922617,2.825242718446602,0.5922330097087378,0.27656131181169835,0.7184466019417476,0.20388349514563106,0.07766990291262135
6,4,1163.464122806731,1,1,97,11.016623028373314,2.8556701030927836,0.5567010309278351,0.22927882244997944,0.6907216494845361,0.2268041237113402,0.08247422680412371
7,1,754.3978528129891,1,0,497,11.005159823367446,3.0402414486921527,0.6257545271629779,0.37395710127380594,0.6519114688128773,0.16901408450704225,0.1790744466800805
7,2,994.1983738278045,1,0,486,10.955096786413904,2.9794238683127574,0.6255144032921811,0.3656785285981607,0.6625514403292181,0.16255144032921812,0.1748971193415638
7,3,1336.5111245237008,1,1,515,11.091740841289685,3,0.6116504854368932,0.2945540503838916,0.6427184466019418,0.18446601941747573,0.17281553398058253
7,4,1527.2913286196458,1,1,502,11.397885971113972,2.9402390438247012,0.5976095617529881,0.25410779662253713,0.6454183266932271,0.18725099601593626,0.16733067729083664
8,1,872.8765311839693,0,0,385,11.734959277860868,3.1142857142857143,0.5844155844155844,0.1812435825076132,0.6779220779220779,0.21818181818181817,0.1038961038961039
8,2,1275.555813772764,0,0,452,12.154164243155114,3.0553097345132745,0.5530973451327433,-0.011799415717955137,0.668141592920354,0.20353982300884957,0.12831858407079647
8,3,1263.2235210271272,0,1,424,12.156032502260201,3.0400943396226414,0.5778301886792453,-0.018162893658884644,0.6533018867924528,0.2169811320754717,0.12971698113207547
8,4,1376.4018469131795,0,1,405,12.084597190661096,3.0148148148148146,0.582716049382716,-7.291538071820281e-4,0.6641975308641975,0.2074074074074074,0.12839506172839507
9,1,590.2746731722993,0,0,77,12.482363985793015,3.116883116883117,0.5064935064935064,-0.20665182047733213,0.7532467532467533,0.16883116883116883,0.07792207792207792
9,2,950.4637405738806,0,0,94,12.021917771061176,3.117021276595745,0.46808510638297873,-0.28616242330015623,0.7446808510638298,0.1702127659574468,0.0851063829787234
9,3,1108.8619493168962,0,1,93,12.253617434038622,3.075268817204301,0.46236559139784944,-0.31284691833430006,0.7096774193548387,0.1935483870967742,0.0967741935483871
9,4,844.3410207279329,0,1,149,11.88817315899765,2.953020134228188,0.436241610738255,-0.2588829856605358,0.7046979865771812,0.19463087248322147,0.10067114093959731
10,1,814.5300584709516,0,0,345,11.489490037620401,3.0608695652173914,0.4985507246376812,-0.18841186377681776,0.7623188405797101,0.1072463768115942,0.13043478260869565
10,2,942.8794560832265,0,0,346,11.642967342631293,3.098265895953757,0.476878612716763,-0.221043580066456,0.7427745664739884,0.12427745664739884,0.1329479768786127
10,3,1231.6951508529846,0,1,328,11.528898079841854,3.0365853658536586,0.47560975609756095,-0.2318784150624352,0.7103658536585366,0.1402439024390244,0.14939024390243902
10,4,1029.7649875561524,0,1,334,11.984983707080485,3.0179640718562872,0.4341317365269461,-0.3304909469515497,0.7275449101796407,0.1317365269461078,0.1407185628742515
11,1,719.78907585631,1,0,733,11.332209749343603,2.927694406548431,0.5634379263301501,0.156032198407723,0.694406548431105,0.21418826739427013,0.09140518417462483
11,2,945.1058659120612,1,0,723,11.410174875457292,2.936376210235131,0.5518672199170125,0.1062972702892968,0.6970954356846473,0.21161825726141079,0.0912863070539419
11,3,1013.7596999990865,1,1,777,11.323164464376017,2.945945945945946,0.5662805662805663,0.10803690369071602,0.6872586872586872,0.22136422136422138,0.09137709137709138
11,4,1212.2758282395891,1,1,779,11.402760450683333,2.910141206675225,0.5673940949935815,0.0863724791629919,0.6944801026957638,0.2233632862644416,0.0821566110397946
12,1,908.8763195930967,0,0,434,11.646569295382491,3.1129032258064515,0.576036866359447,0.16799589166528825,0.7235023041474654,0.22350230414746544,0.052995391705069124
12,2,1062.7558343072612,0,0,435,11.64466504243922,3.0919540229885056,0.5678160919540229,0.08558850092676676,0.7126436781609196,0.22528735632183908,0.06206896551724138
12,3,1163.2218980310297,0,1,444,11.6889403809786,3.0495495495495497,0.5540540540540541,0.01853634438373159,0.704954954954955,0.22072072072072071,0.07432432432432433
12,4,1616.6499041074258,0,1,456,11.690627972894434,3.013157894736842,0.5570175438596491,-0.05241297384813284,0.7105263157894737,0.2149122807017544,0.07456140350877193
13,1,974.1801486145259,1,0,840,11.2427515142814,3.0142857142857142,0.6011904761904762,0.25924132531163924,0.5857142857142857,0.19047619047619047,0.22380952380952382
13,2,1172.3353732388027,1,0,827,11.281069879209129,3.0507859733978235,0.5888754534461911,0.21422749144501765,0.596130592503023,0.18137847642079807,0.22249093107617895
13,3,1372.6284916204195,1,1,822,11.334933597161982,3.0742092457420926,0.5827250608272506,0.195609289268851,0.5912408759124088,0.19099756690997566,0.21776155717761558
13,4,1452.1569558644705,1,1,790,11.407716568090786,3.0759493670886076,0.5746835443037974,0.16493535233865259,0.5822784810126582,0.1962025316455696,0.22151898734177214
14,1,839.4471924478536,0,0,339,12.299019858987089,2.893805309734513,0.49262536873156343,-0.32640696110637835,0.6224188790560472,0.24188790560471976,0.13569321533923304
14,2,1029.4815995731728,0,0,312,12.446230935266104,2.894230769230769,0.5,-0.2929231972726593,0.6410256410256411,0.23397435897435898,0.125
14,3,1129.9709099374722,0,1,293,12.408702426809715,2.931740614334471,0.515358361774744,-0.23137478912845533,0.658703071672355,0.21843003412969283,0.12286689419795221
14,4,1110.5890125629821,0,1,284,12.511562763992462,2.971830985915493,0.5105633802816901,-0.2652014490120528,0.6584507042253521,0.21830985915492956,0.12323943661971831
15,1,799.9010106223432,0,0,3721,11.780663284786543,2.986831496909433,0.4778285407148616,-0.24742603362189022,0.597420048374093,0.2292394517602795,0.17334049986562752
15,2,886.350781920752,0,0,3502,11.697173976786013,2.9988577955454025,0.47601370645345514,-0.22982484286430577,0.5950885208452313,0.22758423757852655,0.17732724157624213
15,3,1049.1734550370447,0,1,3401,11.696909547239084,3.007938841517201,0.4848573948838577,-0.18736512617198892,0.5942369891208468,0.22934431049691267,0.17641870038224053
15,4,1114.6301193514682,0,1,3383,11.696756098845272,3.0112326337570203,0.485368016553355,-0.17906188634684775,0.5968075672480048,0.22435707951522318,0.1788353532367721
16,1,879.7033049644106,0,0,293,11.706691580662739,2.931740614334471,0.5187713310580204,0.06246566844132175,0.621160409556314,0.2901023890784983,0.08873720136518772
16,2,1112.937717465033,0,0,297,11.566193642314472,2.861952861952862,0.5353535353535354,0.07513921747871026,0.6296296296296297,0.27946127946127947,0.09090909090909091
16,3,1247.6256454044176,0,1,357,11.51186459218881,2.977591036414566,0.5294117647058824,0.04317096298302866,0.6218487394957983,0.2801120448179272,0.09803921568627451
16,4,1138.9488547389008,0,1,337,11.57900442126273,2.9970326409495547,0.5341246290801187,-0.006612700881783518,0.6201780415430267,0.2878338278931751,0.09198813056379822
17,1,717.9912954012284,0,0,144,11.970921235147758,2.986111111111111,0.5486111111111112,0.16194130749712993,0.6666666666666666,0.25,0.08333333333333333
17,2,1185.229257195428,0,0,138,11.79238528583102,2.9855072463768115,0.5289855072463768,0.12828641152649672,0.6811594202898551,0.2536231884057971,0.06521739130434782
17,3,1400.5685032056265,0,1,125,11.43438613514159,2.968,0.536,0.1543993512456189,0.688,0.248,0.064
17,4,1832.0090867223832,0,1,121,11.386788682910254,3.041322314049587,0.5289256198347108,0.1590447492042579,0.7107438016528925,0.23140495867768596,0.05785123966942149
18,1,912.8344412514373,0,0,1201,11.196651933171692,3.0241465445462117,0.5686927560366362,0.17239868166208508,0.7027477102414654,0.10241465445462115,0.1948376353039134
18,2,1051.6430311786612,0,0,1175,11.345468719984137,3.0382978723404257,0.5617021276595745,0.12326808527347519,0.7029787234042553,0.10212765957446808,0.19489361702127658
18,3,1325.3347982314997,0,1,1184,11.330411077922006,3.0565878378378377,0.5523648648648649,0.11242581776087175,0.7077702702702703,0.10388513513513513,0.1883445945945946
18,4,1225.9921131632418,0,1,1288,11.451485703320175,3.010869565217391,0.5333850931677019,-2.3606940580134758e-5,0.7080745341614907,0.10403726708074534,0.18788819875776397
19,1,968.7402278396615,0,0,188,11.08210812540447,2.9468085106382977,0.5319148936170213,0.15504249594351857,0.5212765957446809,0.42021276595744683,0.05851063829787234
19,2,1236.9896021538862,0,0,183,11.043097596458649,2.989071038251366,0.5355191256830601,0.15582697181429786,0.5027322404371585,0.4262295081967213,0.07103825136612021
19,3,988.5717892491404,0,1,173,11.13863905708725,3.005780346820809,0.5202312138728323,0.1258106577269803,0.5028901734104047,0.43352601156069365,0.06358381502890173
19,4,1314.411322866502,0,1,195,11.116650706776042,3.0153846153846153,0.5230769230769231,0.06681623610343516,0.5282051282051282,0.39487179487179486,0.07692307692307693
20,1,582.0443473884436,0,0,272,10.964675102582339,2.9411764705882355,0.5882352941176471,0.33172572784748283,0.8051470588235294,0.07720588235294118,0.11764705882352941
20,2,952.8572824592463,0,0,262,11.03498873586416,2.946564885496183,0.5725190839694656,0.3024809631862634,0.7938931297709924,0.07251908396946564,0.13358778625954199
20,3,1245.0548689599761,0,1,272,10.77195016715909,2.9448529411764706,0.5588235294117647,0.28012890400075224,0.7977941176470589,0.0661764705882353,0.13602941176470587
20,4,1239.6763650757337,0,1,270,10.759813486074219,2.903703703703704,0.5370370370370371,0.2119627867221394,0.8074074074074075,0.06666666666666667,0.1259259259259259
21,1,687.0757891002335,0,0,549,12.339273187931365,2.9945355191256833,0.42987249544626593,-0.5153775563432936,0.6466302367941712,0.22404371584699453,0.12932604735883424
21,2,767.2400876623007,0,0,521,12.225899202090282,3.0057581573896353,0.44529750479846447,-0.4692255141659134,0.6429942418426103,0.23224568138195778,0.12476007677543186
21,3,987.1042824228408,0,1,511,11.946280221398045,3.003913894324853,0.4481409001956947,-0.41908521228370194,0.6614481409001957,0.22700587084148727,0.11154598825831702
21,4,943.9194702467727,0,1,497,12.062201856578758,2.971830985915493,0.44064386317907445,-0.42123505715320547,0.6599597585513078,0.22736418511066397,0.11267605633802817
22,1,739.7531116087664,0,0,486,11.518325826115362,3.0534979423868314,0.5390946502057613,0.019151711652216682,0.7818930041152263,0.1419753086419753,0.07613168724279835
22,2,1218.1795761757335,0,0,515,11.636693362950751,3.029126213592233,0.5320388349514563,-0.03507990772997887,0.7844660194174757,0.1436893203883495,0.07184466019417475
22,3,1602.8482318900847,0,1,484,11.750882775164412,3.018595041322314,0.5206611570247934,-0.08017688863058414,0.7747933884297521,0.1487603305785124,0.07644628099173553
22,4,1547.6663620650495,0,1,462,11.627154521744453,3.0974025974025974,0.5194805194805194,-0.08786858964358883,0.7705627705627706,0.1471861471861472,0.08225108225108226
23,1,717.1486595692785,1,0,239,11.58131089287988,2.924686192468619,0.5774058577405857,0.31755057854316837,0.401673640167364,0.3682008368200837,0.2301255230125523
23,2,980.0940866792157,1,0,264,11.74196431644607,2.977272727272727,0.5757575757575758,0.23878529514920524,0.4128787878787879,0.36742424242424243,0.2196969696969697
23,3,1127.8806763830257,1,1,255,11.765862634954479,3.007843137254902,0.596078431372549,0.27062538644607664,0.403921568627451,0.3764705882352941,0.2196078431372549
23,4,1222.2997570055054,1,1,278,11.85756747819086,3.0035971223021583,0.5899280575539568,0.24121237319401548,0.38848920863309355,0.3920863309352518,0.21942446043165467
24,1,1009.9710260120102,1,0,286,11.10486486345375,3.1503496503496504,0.6013986013986014,0.15401181533791014,0.6258741258741258,0.27972027972027974,0.0944055944055944
24,2,1287.8933628569375,1,0,284,11.014793510037597,3.130281690140845,0.5880281690140845,0.094019775298988445,0.6338028169014085,0.28169014084507044,0.08450704225352113
24,3,1385.4477701932947,1,1,270,11.148608507576956,3.140740740740741,0.5740740740740741,0.10933753708814826,0.6481481481481481,0.27037037037037037,0.08148148148148149
24,4,1370.4853220414873,1,1,290,11.477809682929403,3.110344827586207,0.5620689655172414,-0.002410467607350788,0.6344827586206897,0.2896551724137931,0.07586206896551724
25,1,1269.3560233211786,0,0,266,11.068487760920188,2.8496240601503757,0.6127819548872181,0.2233967687387768,0.42857142857142855,0.40225563909774437,0.16917293233082706
25,2,1021.0599691076802,0,0,264,11.155876178512747,2.8106060606060606,0.5984848484848485,0.18358030180270324,0.4318181818181818,0.4015151515151515,0.16666666666666666
25,3,1036.5911005600317,0,1,249,11.347088651946988,2.8473895582329316,0.5903614457831325,0.18088697474370388,0.43373493975903615,0.40562248995983935,0.1606425702811245
25,4,1495.2999674960831,0,1,244,11.474582503930069,2.9221311475409837,0.5942622950819673,0.12153753150253613,0.4344262295081967,0.39344262295081966,0.1721311475409836
26,1,968.222095630752,0,0,243,10.892380478210393,3.1440329218106995,0.5349794238683128,-0.02879190244447109,0.4567901234567901,0.39094650205761317,0.1522633744855967
26,2,888.1916946409343,0,0,242,11.16400486888623,3.0991735537190084,0.512396694214876,-0.05917296860312715,0.44214876033057854,0.4090909090909091,0.1487603305785124
26,3,1346.094563160552,0,1,246,10.941363595004322,3.097560975609756,0.5365853658536586,-0.018123218000505256,0.44308943089430897,0.4024390243902439,0.15447154471544716
26,4,1413.7400295683565,0,1,257,11.143513098525808,3.132295719844358,0.5175097276264592,-0.13900970687491074,0.44357976653696496,0.40077821011673154,0.1556420233463035
27,1,1065.850789574085,0,0,112,11.699221450849162,3.1875,0.6428571428571429,0.3648951146060954,0.7410714285714286,0.125,0.13392857142857142
27,2,1193.0117432520003,0,0,112,11.742265468533688,3.0982142857142856,0.6517857142857143,0.3705178454099058,0.7053571428571429,0.15178571428571427,0.14285714285714285
27,3,1171.8071976374479,0,1,120,11.903243431053385,3.15,0.65,0.24553257211377771,0.7083333333333334,0.175,0.11666666666666667
27,4,1401.4007212500767,0,1,146,11.897731064169184,3.0205479452054793,0.6164383561643836,0.09244024683085263,0.6712328767123288,0.2191780821917808,0.1095890410958904
28,1,971.4150983812306,1,0,952,11.274526731805759,3.046218487394958,0.5430672268907563,0.1075252432753795,0.6123949579831933,0.2699579831932773,0.11764705882352941
28,2,1043.4196938613222,1,0,932,11.250447747623056,3.0439914163090127,0.5482832618025751,0.0850168802055151,0.6158798283261803,0.26824034334763946,0.11587982832618025
28,3,1317.8205450859436,1,1,904,11.250822707437033,3.004424778761062,0.5575221238938053,0.1144881133092198,0.6106194690265486,0.27876106194690264,0.11061946902654868
28,4,1373.0391265316628,1,1,940,11.385593346726766,3.001063829787234,0.55,0.08058318419263376,0.6042553191489362,0.28191489361702127,0.11382978723404255
29,1,906.7869380222669,0,0,371,10.949073671092608,2.765498652291105,0.6469002695417789,0.419743262258359,0.9299191374663073,0.05390835579514825,0.016172506738544475
29,2,1228.3309148312685,0,0,352,10.94266919660738,2.7329545454545454,0.6392045454545454,0.37679777851546026,0.9261363636363636,0.05397727272727273,0.019886363636363636
29,3,1314.6878956940673,0,1,345,10.971719706155403,2.7884057971014493,0.6492753623188405,0.36310468810997526,0.9304347826086956,0.04927536231884058,0.020289855072463767
29,4,1430.193296339018,0,1,312,10.819658073480795,2.78525641025641,0.6346153846153846,0.34749142402287275,0.9358974358974359,0.04487179487179487,0.019230769230769232
30,1,810.0913881732389,1,0,1253,11.15707686040888,3.0047885075818037,0.529928172386273,0.09495467445987514,0.5810055865921788,0.28731045490822027,0.13168395849960096
30,2,1021.5869381851552,1,0,1262,11.152842344780934,3.0166402535657686,0.5324881141045958,0.08819234652100304,0.5879556259904913,0.2797147385103011,0.13232963549920762
30,3,1035.1989203626124,1,1,1310,11.313781743561448,3.018320610687023,0.5106870229007634,-0.028599161457032958,0.5984732824427481,0.26717557251908397,0.13435114503816795
30,4,1145.2491452617921,1,1,1261,11.303766166322063,3.0103092783505154,0.5019825535289453,-0.026414972326946024,0.5923869944488501,0.2656621728786677,0.14195083267248215
31,1,797.961012079762,0,0,360,12.019641187363678,2.9611111111111112,0.43333333333333335,-0.45968282025746315,0.43333333333333335,0.3527777777777778,0.21388888888888888
31,2,1172.3429761492482,0,0,345,12.15052184338617,2.979710144927536,0.4260869565217391,-0.43014039502932705,0.45217391304347826,0.3507246376811594,0.19710144927536233
31,3,1036.658801528492,0,1,332,12.141370236862699,2.9759036144578315,0.4427710843373494,-0.4050512537593965,0.46686746987951805,0.3433734939759036,0.1897590361445783
31,4,1071.22777025262,0,1,312,12.119878689769331,2.9711538461538463,0.42948717948717946,-0.401917671315753,0.46153846153846156,0.33653846153846156,0.20192307692307693
32,1,738.6446091605761,1,0,189,12.191508251870731,2.857142857142857,0.4021164021164021,-0.6566866476798568,0.7037037037037037,0.2328042328042328,0.06349206349206349
32,2,709.0362005695234,1,0,192,12.263012984315708,2.9010416666666665,0.4270833333333333,-0.6472633673512487,0.7239583333333334,0.203125,0.07291666666666667
32,3,1010.3474951678787,1,1,192,12.070925931497989,3,0.4375,-0.6360179057436279,0.7239583333333334,0.203125,0.07291666666666667
32,4,747.8960991163265,1,1,200,11.998654391208202,3.025,0.455,-0.5807839468141972,0.71,0.22,0.07
33,1,1072.633964934591,0,0,1803,10.882509206265736,2.992789794786467,0.6028840820854132,0.35076589287700527,0.6788685524126455,0.2540210759844703,0.06711037160288408
33,2,1215.7058487207,0,0,1767,10.95644661899523,3.044708545557442,0.6044142614601019,0.3327329489419036,0.6796830786644029,0.25127334465195245,0.0690435766836446
33,3,1257.6840168019885,0,1,1841,11.128494198825528,3.0385659967409016,0.5909831613253667,0.2571958444622791,0.6827810972297664,0.24606192286800652,0.07115697990222705
33,4,1314.5447991940298,0,1,1854,11.214764768605539,3.046925566343042,0.5803667745415318,0.2014459954423479,0.6866235167206041,0.23948220064724918,0.07389428263214672
34,1,823.8609817783619,1,0,628,11.671247195177788,3.1337579617834397,0.5031847133757962,-0.09213211011963553,0.7261146496815286,0.16878980891719744,0.10509554140127389
34,2,997.2307393383627,1,0,609,11.774296115696472,3.0919540229885056,0.5041050903119869,-0.0893458259795653,0.7257799671592775,0.16584564860426929,0.10837438423645321
34,3,1124.1811918446572,1,1,608,11.753773457918747,3.1398026315789473,0.5115131578947368,-0.11648251169155123,0.7236842105263158,0.17269736842105263,0.10361842105263158
34,4,1178.5241041295005,1,1,604,11.73964386161218,3.076158940397351,0.5182119205298014,-0.08338600892077815,0.7268211920529801,0.1672185430463576,0.10596026490066225
35,1,788.1729698324345,0,0,308,13.04154152951807,2.99025974025974,0.4512987012987013,-0.8127383876413092,0.8051948051948052,0.1461038961038961,0.048701298701298704
35,2,717.6388775590939,0,0,294,12.848012824391537,2.9183673469387754,0.47619047619047616,-0.7249584145977783,0.8027210884353742,0.14285714285714285,0.05442176870748299
35,3,820.9376135817889,0,1,318,12.936091458486299,2.9842767295597485,0.5062893081761006,-0.5786678196991027,0.789308176100629,0.14465408805031446,0.0660377358490566
35,4,822.9090019180213,0,1,300,12.818765705126713,2.98,0.5133333333333333,-0.5459979855746235,0.78,0.15666666666666668,0.06333333333333334
36,1,869.0316435478087,1,0,332,11.280057465114828,2.9397590361445785,0.5753012048192772,0.2100619474285353,0.6596385542168675,0.20481927710843373,0.1355421686746988
36,2,1051.6207726585349,1,0,329,11.25339319946022,2.933130699088146,0.547112462006079,0.14191709394556606,0.6808510638297872,0.2006079027355623,0.11854103343465046
36,3,1303.6759945918711,1,1,308,11.233245021117597,2.9285714285714284,0.5324675324675324,0.08777481070401191,0.6785714285714286,0.19805194805194806,0.12337662337662338
36,4,1252.9132879249405,1,1,324,11.254266317762678,2.950617283950617,0.5,-0.017777828935772545,0.6790123456790124,0.2006172839506173,0.12037037037037036
37,1,996.5962993025234,1,0,337,11.220224958407982,2.9258160237388724,0.5341246290801187,0.03743480452492102,0.8219584569732937,0.07418397626112759,0.10385756676557864
37,2,981.2530824879741,1,0,335,11.476860074596324,2.9402985074626864,0.5432835820895522,0.07288956003021452,0.8149253731343283,0.07164179104477612,0.11343283582089553
37,3,1131.5608053857322,1,1,339,11.425118022831434,3,0.56047197640118,0.07298937445631835,0.8200589970501475,0.07374631268436578,0.10619469026548672
37,4,1346.1736625698907,1,1,330,11.365712581111465,3.0090909090909093,0.5515151515151515,0.030642023939060632,0.8151515151515152,0.08181818181818182,0.10303030303030303
38,1,698.7177459081007,0,0,774,11.666654694594037,2.949612403100775,0.5077519379844961,-0.19284283590919027,0.5930232558139535,0.3087855297157623,0.09819121447028424
38,2,884.6756578621595,0,0,781,11.576020896598438,2.939820742637644,0.5160051216389244,-0.17109090219078593,0.5787451984635084,0.3111395646606914,0.11011523687580026
38,3,894.0399214819931,0,1,789,11.648868290915194,2.9923954372623576,0.5031685678073511,-0.25404812876500427,0.5804816223067174,0.30671736375158426,0.11280101394169835
38,4,962.3693066219068,0,1,782,11.694743324595624,3.0358056265984654,0.4961636828644501,-0.26424059619935597,0.5856777493606138,0.3030690537084399,0.11125319693094629
39,1,954.4208983371797,0,0,262,11.491862753000204,2.877862595419847,0.4541984732824427,-0.3070058873031071,0.8893129770992366,0.06870229007633588,0.04198473282442748
39,2,792.8021446949793,0,0,253,11.671656280586625,2.8063241106719365,0.44664031620553357,-0.32597689926356005,0.8932806324110671,0.06324110671936758,0.043478260869565216
39,3,860.5300062460985,0,1,251,11.552968738400178,2.8247011952191237,0.44621513944223107,-0.25502935759659645,0.8924302788844621,0.07171314741035857,0.035856573705179286
39,4,1489.8102141323725,0,1,260,11.361041265705335,2.8692307692307693,0.4461538461538462,-0.23040996454106483,0.8846153846153846,0.08076923076923077,0.03461538461538462
40,1,671.0348978871098,0,0,231,12.118854061437686,2.961038961038961,0.3722943722943723,-0.5497601036397185,0.6363636363636364,0.22077922077922077,0.14285714285714285
40,2,803.5727395672851,0,0,214,12.040205673313991,2.9065420560747666,0.3878504672897196,-0.5126637748927441,0.6214953271028038,0.22897196261682243,0.14953271028037382
40,3,940.9414412974786,0,1,222,11.94490322854625,3.0045045045045047,0.42792792792792794,-0.41588292925120446,0.6216216216216216,0.23873873873873874,0.13963963963963963
40,4,1035.8129078224815,0,1,247,11.922033472395997,3.068825910931174,0.43724696356275305,-0.3690159698780717,0.6356275303643725,0.2388663967611336,0.12550607287449392
41,1,1032.8932722977677,1,0,1663,11.16744951303621,2.9717378232110643,0.5634395670475045,0.19849638338840872,0.5808779314491882,0.12507516536380037,0.29404690318701143
41,2,1249.0410573741701,1,0,1709,11.18980672621708,2.976009362200117,0.5552954944411936,0.16012628516822291,0.5787009947337625,0.12755997659449972,0.29373902867173785
41,3,1311.140567135005,1,1,1644,11.281069764052782,2.9981751824817517,0.5602189781021898,0.1300518050550812,0.5809002433090025,0.1307785888077859,0.28832116788321166
41,4,1520.9143179929233,1,1,1606,11.376644589015942,2.9869240348692405,0.5560398505603985,0.09378466067186333,0.5834371108343711,0.1357409713574097,0.2808219178082192
42,1,847.1215469968431,0,0,306,11.279418535574225,2.8594771241830066,0.5686274509803921,0.09722477844150837,0.6993464052287581,0.20588235294117646,0.09477124183006536
42,2,1212.6105524150814,0,0,307,10.93715694408164,2.9478827361563518,0.5863192182410424,0.14625749052102904,0.7100977198697068,0.19543973941368079,0.09446254071661238
42,3,1219.0598475759941,0,1,292,11.096032865652681,2.9486301369863015,0.5753424657534246,0.16299396486222684,0.7054794520547946,0.20205479452054795,0.09246575342465753
42,4,1416.9168945550332,0,1,298,11.36670519894154,2.9966442953020134,0.540268456375839,0.031536720823522955,0.714765100671141,0.18456375838926176,0.10067114093959731
43,1,979.7722531101382,0,0,645,11.542278862782807,2.8449612403100777,0.5441860465116279,-0.01300843591631305,0.827906976744186,0.11007751937984496,0.06201550387596899
43,2,1048.0789797318916,0,0,625,11.477348957593849,2.8272,0.5456,-0.0033609805553714805,0.8144,0.128,0.0576
43,3,1185.688432072235,0,1,624,11.449768941676467,2.8189102564102564,0.5544871794871795,-1.0867772037978023e-4,0.8108974358974359,0.1330128205128205,0.05608974358974359
43,4,1339.5440133237591,0,1,607,11.4615663605987,2.815485996705107,0.5535420098846787,0.01680321774803196,0.8121911037891268,0.13179571663920922,0.05601317957166392
44,1,800.5279954973878,1,0,1664,11.957691409893412,3.0018028846153846,0.4717548076923077,-0.30218628584047513,0.5438701923076923,0.3167067307692308,0.13942307692307693
44,2,899.9140126526735,1,0,1637,11.97565934426265,3.0067196090409287,0.4832009773976787,-0.28600749290979405,0.5387904703726328,0.32009773976786804,0.14111178985949907
44,3,999.4792983160606,1,1,1614,11.880851920294832,3.0285006195786863,0.4993804213135068,-0.21763831017422847,0.5377942998760843,0.3228004956629492,0.13940520446096655
44,4,1145.739897809796,1,1,1807,11.722787498712734,3.0481460985058106,0.5113447703375761,-0.1341010184121793,0.5473159933591588,0.31101272827891535,0.14167127836192583
45,1,698.8093777845182,0,0,359,11.158157549502825,3.022284122562674,0.5069637883008357,0.06393246313321863,0.403899721448468,0.45125348189415043,0.14484679665738162
45,2,885.8233173623773,0,0,404,11.41137944803594,3.0767326732673266,0.5024752475247525,0.015212157445219835,0.400990099009901,0.4504950495049505,0.1485148514851485
45,3,963.2888594035561,0,1,424,11.690634002081419,3.0707547169811322,0.49528301886792453,-0.044048673208502295,0.41745283018867924,0.4386792452830189,0.14386792452830188
45,4,1010.400498836358,0,1,396,11.743544927255673,3.1035353535353534,0.4898989898989899,-0.05950341375596817,0.4217171717171717,0.44191919191919193,0.13636363636363635
46,1,872.3705559234843,0,0,351,11.503889014802283,3.0712250712250713,0.5783475783475783,0.2785769285300172,0.6752136752136753,0.17663817663817663,0.14814814814814814
46,2,1006.9439765242482,0,0,342,11.607685744779983,3.1023391812865495,0.5584795321637427,0.2126116476648013,0.672514619883041,0.17543859649122806,0.15204678362573099
46,3,1124.6106862264437,0,1,339,11.519932920404138,3.1415929203539825,0.5398230088495575,0.1557878174434023,0.6873156342182891,0.16519174041297935,0.14749262536873156
46,4,1254.2902422812554,0,1,378,11.4969046999192,3.187830687830688,0.5502645502645502,0.14441861732017583,0.6957671957671958,0.15873015873015872,0.1455026455026455
47,1,1195.6940220122337,0,0,601,11.319471954140294,3.0399334442595674,0.5923460898502496,0.22497639221006357,0.6805324459234608,0.12146422628951747,0.19800332778702162
47,2,1186.4497536120987,0,0,595,11.28111664890557,3.0588235294117645,0.6067226890756302,0.25908382584934764,0.6672268907563025,0.13109243697478992,0.20168067226890757
47,3,1293.3170455711138,0,1,599,11.20527796224843,3.041736227045075,0.5943238731218697,0.25999960502668684,0.667779632721202,0.12353923205342238,0.20868113522537562
47,4,1444.413302096353,0,1,616,11.255078467853972,3.0698051948051948,0.5827922077922078,0.26609570191056997,0.6866883116883117,0.11688311688311688,0.19642857142857142
48,1,822.2489676926197,0,0,276,11.39250382026961,3.1050724637681157,0.5434782608695652,0.29321984843826815,0.855072463768116,0.10869565217391304,0.036231884057971016
48,2,1191.7979514124474,0,0,288,11.231272501787476,3.1631944444444446,0.5243055555555556,0.19411582265226715,0.8506944444444444,0.1111111111111111,0.03819444444444445
48,3,1252.755325822356,0,1,264,11.341364490031074,3.2045454545454546,0.5416666666666666,0.17983181460016295,0.8522727272727273,0.10984848484848485,0.03787878787878788
48,4,1335.8182282948528,0,1,281,11.199489702958722,3.1494661921708187,0.5231316725978647,0.11224383748622693,0.8683274021352313,0.099644128113879,0.03202846975088968
49,1,874.0093171777024,1,0,587,11.624895411431217,2.9080068143100513,0.4838160136286201,-0.17727762681724807,0.6780238500851788,0.21976149914821125,0.10221465076660988
49,2,942.5232937337379,1,0,569,11.523692840589455,2.913884007029877,0.4833040421792619,-0.18229696321980765,0.6766256590509666,0.2179261862917399,0.1054481546572935
49,3,1091.1683798984602,1,1,584,11.643010600766768,2.904109589041096,0.4948630136986301,-0.17945344820271827,0.6643835616438356,0.23116438356164384,0.10445205479452055
49,4,1289.571689068344,1,1,574,11.672307632012359,2.9006968641114983,0.4965156794425087,-0.13807480848179357,0.6672473867595818,0.22822299651567945,0.10452961672473868
50,1,905.2765983878886,0,0,226,11.666458509495989,3.150442477876106,0.4823008849557522,-0.33304145173034344,0.7787610619469026,0.168141592920354,0.05309734513274336
50,2,843.3704552599511,0,0,225,11.722115381737064,3.04,0.48,-0.3066945625644534,0.7866666666666666,0.1688888888888889,0.044444444444444446
50,3,785.1953827663558,0,1,245,11.425080016174169,3.0653061224489795,0.4857142857142857,-0.24637604849386266,0.7714285714285715,0.18775510204081633,0.04081632653061224
50,4,1041.5657211088599,0,1,237,11.339141771297085,3.042194092827004,0.48523206751054854,-0.23162612416704964,0.7763713080168776,0.18143459915611815,0.04219409282700422
51,1,743.3046859772271,1,0,919,11.549074532337967,3.0326441784548424,0.514689880304679,0.030591297551751547,0.5571273122959739,0.31991294885745375,0.12295973884657237
51,2,1056.484139368461,1,0,896,11.538057209377925,3.0122767857142856,0.5089285714285714,0.03636698621203121,0.5602678571428571,0.31473214285714285,0.125
51,3,1002.1492638607696,1,1,913,11.621295842395464,3.0208105147864184,0.511500547645126,-0.029553835829574937,0.54216867469879515,0.32201533406352684,0.13581599123767799
51,4,1154.7980633437348,1,1,962,11.588319756315753,2.993762993762994,0.5176715176715176,-0.0671567227246524,0.5426195426195426,0.3191268191268191,0.13825363825363826
52,1,975.8538250780376,0,0,161,11.482805490882262,3.0248447204968945,0.484472049689441,-0.11450380305791216,0.7639751552795031,0.06832298136645963,0.16770186335403728
52,2,1211.5217903447972,0,0,146,11.516427541498851,2.9863013698630136,0.4931506849315068,-0.10227569114219758,0.7465753424657534,0.0684931506849315,0.18493150684931506
52,3,1479.303044490981,0,1,137,11.791467138620376,3.072992700729927,0.48905109489051096,-0.14224706092798936,0.7737226277372263,0.072992700729927,0.15328467153284672
52,4,1155.019232224033,0,1,140,12.020414726181839,3.142857142857143,0.5428571428571428,-0.06837645619037948,0.75,0.1,0.15
53,1,651.1007193431166,0,0,231,12.638506129667054,3.0476190476190474,0.42857142857142855,-0.7254035039873192,0.9004329004329005,0.08658008658008658,0.012987012987012988
53,2,568.0546487863808,0,0,215,12.692242048150764,3.013953488372093,0.413953488372093,-0.6741369694992277,0.8976744186046511,0.09302325581395349,0.009302325581395349
53,3,785.9951771011536,0,1,221,12.828569036611094,3.004524886877828,0.42081447963800905,-0.6129184894134944,0.9049773755656109,0.08597285067873303,0.00904977375565611
53,4,1051.1430512865807,0,1,243,12.624335483578058,3.0864197530864197,0.43209876543209874,-0.5793104674002604,0.9094650205761317,0.08641975308641975,0.00411522633744856
54,1,1053.9733482455379,1,0,285,11.674793742688893,3.0456140350877194,0.5333333333333333,0.08529460864518829,0.7228070175438597,0.21754385964912282,0.05964912280701754
54,2,1312.8032578499747,1,0,273,11.52014110126532,3.0366300366300365,0.5274725274725275,0.0864566613580637,0.7252747252747253,0.21611721611721613,0.05860805860805861
54,3,1499.9774659836432,1,1,266,11.601349273516085,3,0.5300751879699248,0.07931957641256772,0.7180451127819549,0.22932330827067668,0.05263157894736842
54,4,1346.7658975936724,1,1,284,11.560687911021024,2.9788732394366195,0.5211267605633803,-0.008931633784863764,0.7464788732394366,0.20774647887323944,0.045774647887323945
55,1,977.6313588649689,1,0,351,11.114285464225242,3.1253561253561255,0.6381766381766382,0.4100623257883525,0.6923076923076923,0.21652421652421652,0.09116809116809117
55,2,1309.9301550774912,1,0,337,11.192604048350322,3.0712166172106823,0.6350148367952523,0.38741225657455525,0.6973293768545994,0.21068249258160238,0.09198813056379822
55,3,1557.7528461218396,1,1,336,11.117931263376704,3.113095238095238,0.6190476190476191,0.24601452046839,0.7023809523809523,0.20238095238095238,0.09523809523809523
55,4,1819.0728547925032,1,1,335,11.304528051911989,3.1402985074626866,0.6059701492537314,0.2055524384580274,0.7134328358208956,0.19701492537313434,0.08955223880597014
56,1,887.0334331690118,0,0,985,11.399988739058273,3.100507614213198,0.6,0.3594142772264856,0.6994923857868021,0.19086294416243654,0.10964467005076142
56,2,1123.2672444822194,0,0,937,11.467801746828716,3.087513340448239,0.5848452508004269,0.31518722534569815,0.7054429028815368,0.18463180362860193,0.10992529348986126
56,3,1191.643766658116,0,1,963,11.502279495252132,3.0809968847352023,0.5700934579439252,0.27841883273618856,0.711318795430945,0.17653167185877466,0.11214953271028037
56,4,1496.9130013168356,0,1,899,11.384276359144863,3.090100111234705,0.5661846496106785,0.2705327718568154,0.7119021134593994,0.1757508342602892,0.11234705228031146
57,1,804.3145699950435,0,0,443,11.424959188238017,2.99548532731377,0.6207674943566591,0.41429572755347177,0.6027088036117382,0.3160270880361174,0.08126410835214447
57,2,1183.0562572510948,0,0,453,11.58886154550078,3.011037527593819,0.6004415011037527,0.3028819438707877,0.5916114790286976,0.32450331125827814,0.08388520971302428
57,3,1542.286715044605,0,1,451,11.737188328400494,2.9623059866962307,0.6031042128603105,0.23983254434548035,0.5986696230598669,0.328159645232816,0.07317073170731707
57,4,1622.412346461,0,1,444,11.621054091808693,3,0.5900900900900901,0.20393449521207418,0.5878378378378378,0.3355855855855856,0.07657657657657657
58,1,1235.1960363194898,0,0,193,11.611711862422359,3.150259067357513,0.47668393782383417,-0.11419401272108845,0.7512953367875648,0.18652849740932642,0.06217616580310881
58,2,894.9307923843421,0,0,203,11.687772030103138,3.1822660098522166,0.46798029556650245,-0.1045613602401228,0.7586206896551724,0.17733990147783252,0.06403940886699508
58,3,963.201098763437,0,1,203,11.816869595388166,3.1527093596059115,0.4729064039408867,-0.13248112699007783,0.7389162561576355,0.18226600985221675,0.07881773399014778
58,4,1163.2079419203037,0,1,210,11.856116126668562,3.0047619047619047,0.4666666666666667,-0.13499242876123782,0.7428571428571429,0.18095238095238095,0.0761904761904762
59,1,865.5538217741664,1,0,101,11.884338327024103,2.910891089108911,0.40594059405940597,-0.4864913079403171,0.6138613861386139,0.22772277227722773,0.15841584158415842
59,2,671.0653077039781,1,0,114,11.352639308907621,2.912280701754386,0.41228070175438597,-0.46869234213023536,0.6491228070175439,0.18421052631578946,0.16666666666666666
59,3,696.0133369058947,1,1,117,11.927897680308993,2.965811965811966,0.41025641025641024,-0.5264827845078601,0.6495726495726496,0.1794871794871795,0.17094017094017094
59,4,817.1087429445341,1,1,122,11.854210773963006,3.057377049180328,0.4180327868852459,-0.5093144295020263,0.6065573770491803,0.22131147540983606,0.1721311475409836
60,1,914.7633864354971,1,0,892,10.98387986128755,2.903587443946188,0.5818385650224215,0.3279421387468444,0.8934977578475336,0.06726457399103139,0.03923766816143498
60,2,1070.2844392709667,1,0,873,11.047169670895912,2.9026345933562427,0.572737686139748,0.28822410574490803,0.8969072164948454,0.06529209621993128,0.037800687285223365
60,3,1229.3164700347863,1,1,874,11.176893455708028,2.9244851258581237,0.5697940503432495,0.24542449216240012,0.8981693363844394,0.06521739130434782,0.036613272311212815
60,4,1349.744601166567,1,1,863,11.415414797512547,2.9281575898030128,0.5515643105446119,0.15093256958885842,0.8980301274623407,0.06720741599073002,0.03476245654692932
61,1,886.7607547230285,1,0,631,11.434519898157983,3.030110935023772,0.5863708399366085,0.15470274702756523,0.6370839936608558,0.2836767036450079,0.07923930269413629
61,2,1044.5818069550323,1,0,626,11.449191366641891,2.9648562300319488,0.5670926517571885,0.1312168860334972,0.6357827476038339,0.2731629392971246,0.09105431309904154
61,3,1173.6340030265853,1,1,621,11.49935202841789,2.9388083735909825,0.5523349436392915,0.07649571877642355,0.6553945249597424,0.2608695652173913,0.08373590982286634
61,4,1386.2291153349518,1,1,632,11.592435979871356,2.9319620253164556,0.5348101265822784,0.07665136133806513,0.6471518987341772,0.2737341772151899,0.07911392405063292
62,1,669.8395582648268,1,0,525,11.902509712315817,2.9638095238095237,0.4095238095238095,-0.45680541008103703,0.6076190476190476,0.21523809523809523,0.17714285714285713
62,2,709.999517974119,1,0,512,11.973071082663072,2.984375,0.421875,-0.4499992283175675,0.615234375,0.22265625,0.162109375
62,3,922.7036722072804,1,1,500,11.891940260015005,3.016,0.43,-0.381424403434296,0.62,0.226,0.154
62,4,1066.557447544976,1,1,519,12.006533450632727,3.0423892100192678,0.43545279383429675,-0.3799967714990303,0.6377649325626205,0.21579961464354527,0.1464354527938343
63,1,1029.6979484389917,1,0,776,11.103578128827875,2.895618556701031,0.6185567010309279,0.3928597124329992,0.6391752577319587,0.2757731958762887,0.08505154639175258
63,2,1205.7518758227877,1,0,790,11.273126497559621,2.8797468354430378,0.5974683544303797,0.2969200612321461,0.6367088607594936,0.28354430379746837,0.07974683544303797
63,3,1359.4663684835732,1,1,775,11.334277958174342,2.8683870967741933,0.5780645161290323,0.22488445357488174,0.6193548387096774,0.2967741935483871,0.08387096774193549
63,4,1333.566468550252,1,1,773,11.422268250521123,2.902975420439845,0.5588615782664942,0.18859533066499864,0.630012936610608,0.2846054333764554,0.08538163001293661
64,1,919.2728412454438,0,0,1309,11.21783138713591,2.9847211611917492,0.5508021390374331,0.1980817068398796,0.5171886936592819,0.3949579831932773,0.08785332314744079
64,2,1057.2252051250923,0,0,1272,11.185696986558572,2.9842767295597485,0.5542452830188679,0.18687228370270428,0.5227987421383647,0.3915094339622642,0.08569182389937106
64,3,1199.4520357824874,0,1,1249,11.15354033113487,2.9967974379503604,0.5652522017614091,0.17214085414071123,0.5148118494795837,0.3979183346677342,0.08726981585268215
64,4,1452.2696159424354,0,1,1275,11.099747966186353,2.9819607843137255,0.5513725490196079,0.163092313567557,0.5105882352941177,0.40627450980392155,0.08313725490196078
65,1,841.0426051600155,1,0,1801,11.652285255498024,3.084397556912826,0.5169350360910605,-0.12397918485054603,0.6501943364797335,0.24708495280399778,0.10272071071626875
65,2,1001.3665012211974,1,0,1775,11.714167562947729,3.0952112676056336,0.5183098591549296,-0.10093534841352234,0.6456338028169014,0.2523943661971831,0.10197183098591549
65,3,1096.5516689530416,1,1,1728,11.657943707868691,3.1105324074074074,0.5173611111111112,-0.082230983890562,0.6510416666666666,0.2505787037037037,0.09837962962962964
65,4,1221.9437164437645,1,1,1725,11.786764709135275,3.0898550724637683,0.5107246376811594,-0.13000065449897302,0.6469565217391304,0.2527536231884058,0.10028985507246377
66,1,796.0091537605148,1,0,1461,11.297601445201817,3.0061601642710474,0.5879534565366188,0.2567503241650758,0.5188227241615332,0.3203285420944558,0.16084873374401096
66,2,1150.2437764577298,1,0,1441,11.252125296631759,2.998612074947953,0.5870922970159611,0.22235022079413974,0.5287994448299792,0.3108952116585704,0.16030534351145037
66,3,1378.765188764528,1,1,1483,11.307819244434658,3.0134861766689145,0.5812542144302091,0.18802526817589876,0.5151719487525287,0.31827376938637897,0.1665542818610924
66,4,1210.51038390682,1,1,1747,11.853844854025317,3.0028620492272466,0.5271894676588438,-0.1701838850331523,0.5186033199771036,0.31597023468803664,0.16542644533485976
67,1,878.1956759104266,0,0,1200,11.499857354414369,3.0625,0.5283333333333333,0.03179383182493209,0.6883333333333334,0.2225,0.08916666666666667
67,2,1097.312149280343,0,0,1191,11.61019215525507,3.072208228379513,0.5264483627204031,-0.002685263333829033,0.6926952141057935,0.2141057934508816,0.09319899244332494
67,3,1305.0991062288806,0,1,1147,11.529145138127113,3.085440278988666,0.5379250217959896,0.012601511986335679,0.7000871839581517,0.2074978204010462,0.09241499564080209
67,4,1512.3414182669883,0,1,1183,11.59377794034501,3.0321217244294165,0.5384615384615384,-0.016257591522363245,0.6999154691462384,0.2147083685545224,0.08537616229923922
68,1,854.127210089432,0,0,1098,12.028772287351899,3.0373406193078325,0.4644808743169399,-0.3502802511385149,0.5865209471766849,0.31876138433515483,0.0947176684881603
68,2,926.5788563402712,0,0,1053,11.943311149987887,3.0180436847103516,0.4691358024691358,-0.300249300466228,0.584045584045584,0.32193732193732194,0.09401709401709402
68,3,980.7523862664887,0,1,1142,11.937987180962265,3.0297723292469354,0.47373029772329245,-0.26479868612376034,0.5805604203152365,0.3248686514886165,0.09457092819614711
68,4,1100.0149089118518,0,1,1146,11.990507328892186,3.031413612565445,0.4738219895287958,-0.2509516140245625,0.5802792321116929,0.3298429319371728,0.08987783595113438
69,1,754.8286548597247,1,0,153,11.80036065225854,3.065359477124183,0.5163398692810458,0.1410306288868808,0.48366013071895425,0.35294117647058826,0.16339869281045752
69,2,964.143923820981,1,0,152,11.699920269667958,3.0789473684210527,0.48026315789473684,0.06477657343128371,0.4605263157894737,0.3815789473684211,0.15789473684210525
69,3,927.013524180789,1,1,185,11.573564316900027,2.972972972972973,0.4810810810810811,0.017887957408157063,0.42702702702702705,0.3837837837837838,0.1891891891891892
69,4,1238.876380296304,1,1,170,11.533199099605035,2.9705882352941178,0.47058823529411764,0.0321334006656328,0.4235294117647059,0.37058823529411766,0.20588235294117646
70,1,830.1506866395155,0,0,171,12.04486493377783,2.935672514619883,0.40350877192982454,-0.543399034447529,0.4853801169590643,0.2631578947368421,0.25146198830409355
70,2,904.6210670092802,0,0,157,11.88650778361462,2.9235668789808917,0.35668789808917195,-0.5400882686805295,0.4968152866242038,0.25477707006369427,0.2484076433121019
70,3,731.2015463450949,0,1,153,12.109356923711855,3.052287581699346,0.3660130718954248,-0.5122351408420962,0.47058823529411764,0.2679738562091503,0.26143790849673204
70,4,880.4681593695051,0,1,172,11.651148746697126,3.1686046511627906,0.3953488372093023,-0.5102147523909323,0.4476744186046512,0.27325581395348836,0.27906976744186046
71,1,889.2993253090436,0,0,981,12.218859485841397,2.9398572884811416,0.454638124362895,-0.4265654516698827,0.6320081549439348,0.273190621814475,0.09480122324159021
71,2,870.3348235247689,0,0,971,12.098749989721348,2.98043254376931,0.46446961894953653,-0.3594362021525906,0.639546858908342,0.26570545829042225,0.09474768280123584
71,3,824.5924611636373,0,1,995,12.159301757097287,2.970854271356784,0.4592964824120603,-0.4035057432036479,0.6422110552763819,0.25829145728643216,0.09949748743718594
71,4,1034.1051336702255,0,1,967,12.153038410513755,2.9896587383660806,0.4591520165460186,-0.39261190497919457,0.6463288521199586,0.2564632885211996,0.09720785935884178
72,1,676.1836084908384,0,0,953,12.178593563681998,2.9916054564533052,0.4795383001049318,-0.277609133888256,0.6033578174186779,0.22140608604407136,0.17523609653725078
72,2,854.5425638993936,0,0,938,12.233830554800182,2.986140724946695,0.47867803837953093,-0.30190800815964036,0.5959488272921108,0.22388059701492538,0.18017057569296374
72,3,944.6751783386866,0,1,901,12.352894010770925,3.002219755826859,0.4794672586015538,-0.2943319602424862,0.5937846836847946,0.22641509433962265,0.17980022197558268
72,4,985.9015793447711,0,1,908,12.436721410452222,2.9724669603524227,0.48237885462555063,-0.30030330931832483,0.5837004405286343,0.23237885462555066,0.183920704845815
73,1,754.3691355377183,1,0,211,11.633637192150337,3.118483412322275,0.5260663507109005,-0.09580715969744524,0.47393364928909953,0.3080568720379147,0.21800947867298578
73,2,995.129281042166,1,0,210,11.540823152472585,3.1666666666666665,0.5523809523809524,-0.04245834467567254,0.49047619047619045,0.29523809523809524,0.21428571428571427
73,3,1833.7715499412222,1,1,198,11.471735924743319,3.186868686868687,0.5707070707070707,-0.037239671583304795,0.4898989898989899,0.30808080808080807,0.20202020202020202
73,4,1559.5342418489606,1,1,194,11.347066362719518,3.051546391752577,0.5670103092783505,-0.0851303721878304,0.5051546391752577,0.30412371134020616,0.19072164948453607
74,1,624.7585571893927,0,0,210,12.147115150376193,2.8857142857142857,0.4714285714285714,-0.39845752928263894,0.7857142857142857,0.16666666666666666,0.047619047619047616
74,2,1008.7186109390894,0,0,207,12.381652067771991,2.9323671497584543,0.4782608695652174,-0.367383113632595,0.7874396135265701,0.16908212560386474,0.043478260869565216
74,3,949.220772012764,0,1,222,12.1255212153498,2.8873873873873874,0.481981981981982,-0.3056571434035341,0.7882882882882883,0.16666666666666666,0.04504504504504504
74,4,925.8819522608226,0,1,327,12.030067975767281,2.9174311926605503,0.5015290519877675,-0.1680459305943844,0.7889908256880734,0.14984709480122324,0.06116207951070336
75,1,846.7595976567611,0,0,1202,11.362046807507618,2.9983361064891847,0.5399334442595674,0.1027545033232434,0.7262895174708819,0.18718801996672213,0.08652246256239601
75,2,1012.6272815318715,0,0,1207,11.26446388424886,3.0099420049710024,0.5410107705053853,0.132144405703615,0.7174813587406794,0.19304059652029826,0.08947804473902236
75,3,1211.0074494186902,0,1,1235,11.33652957671829,2.994331983805668,0.5295546558704454,0.08728570792038376,0.7133603238866397,0.19757085020242915,0.08906882591093117
75,4,1301.9981534274245,0,1,1195,11.462165938601515,3.0100418410041843,0.5196652719665272,0.05006856955989385,0.7171548117154811,0.19414225941422594,0.0887029288702929
76,1,821.9105044424163,0,0,378,11.311477261839434,2.822751322751323,0.5291005291005291,0.05326492852189524,0.7301587301587301,0.18253968253968253,0.0873015873015873
76,2,834.3601128215398,0,0,384,11.209360414383177,2.7942708333333335,0.5286458333333334,0.08462875894473705,0.7447916666666666,0.171875,0.08333333333333333
76,3,995.4862166373672,0,1,373,11.212799658053713,2.812332439678284,0.5201072386058981,0.05566214821974515,0.739946380697051,0.1769436997319035,0.08310991957104558
76,4,1344.8751070712715,0,1,391,11.494502857188483,2.833759590792839,0.5063938618925832,-0.06233998114693175,0.7289002557544757,0.18414322250639387,0.08695652173913043
77,1,951.9463511137897,1,0,527,11.370141162536662,2.969639468690702,0.5692599620493358,0.17225142552385117,0.8842504743833017,0.0872865275142315,0.028462998102466792
77,2,1053.72066129481,1,0,534,11.385420657776546,3,0.5749063670411985,0.18276857627978338,0.8595505617977528,0.10299625468164794,0.03745318352059925
77,3,1254.4508277295067,1,1,532,11.402133051873365,2.994360902255639,0.5676691729323309,0.1711434208176517,0.8759398496240601,0.08458646616541353,0.039473684210526314
77,4,1409.2270913031446,1,1,515,11.375880104212644,2.9805825242718447,0.5766990291262136,0.1555033717094661,0.8776699029126214,0.08737864077669903,0.03495145631067961
78,1,795.6777835611236,1,0,1463,11.566487332029329,2.9630895420369106,0.49282296650717705,-0.1417771137320694,0.7682843472317157,0.17088174982911825,0.060833902939166094
78,2,956.4260780692044,1,0,1419,11.663521139173989,2.955602536997886,0.48766737138830163,-0.1342406934841352,0.7709654686398872,0.16842847075405215,0.06060606060606061
78,3,1091.4507638742934,1,1,1402,11.763699307692624,2.971469329529244,0.48074179743223966,-0.16171997517299216,0.7681883024251069,0.16975748930099857,0.062054208273894434
78,4,1255.4624572528337,1,1,1437,11.846248440709983,2.951983298538622,0.47947112038970074,-0.16447054106561645,0.7627000695894224,0.17745302713987474,0.059846903270702856
79,1,940.1909343041758,0,0,1017,11.063741365503937,3.0373647984267453,0.6017699115044248,0.34836496528836153,0.5634218289085545,0.2713864306784661,0.16519174041297935
79,2,1103.1226650654294,0,0,1032,11.201614138164077,2.99515503875969,0.5784883720930233,0.2886488923550896,0.5591085271317829,0.2771317829457364,0.16375968992248063
79,3,1325.6142588472005,0,1,1045,11.248866208937462,2.9923444976076556,0.5779904306220096,0.27190829115710646,0.5626794258373206,0.27464114832535885,0.16267942583732056
79,4,1528.5851873651652,0,1,980,11.337682545065181,2.979591836734694,0.5785714285714286,0.2602664218119257,0.5581632653061225,0.2755102040816326,0.1663265306122449
80,1,984.7112694459829,1,0,676,11.156491602094755,3.0724852071005917,0.5798816568047337,0.31450917272004814,0.5576923076923077,0.2781065088757396,0.16420118343195267
80,2,1257.3090045284575,1,0,703,11.129266691411972,3.066856330014225,0.577524893314367,0.2647954239884533,0.5633001422475107,0.28591749644381226,0.1507823613086771
80,3,1498.4566592266867,1,1,706,11.361587610075523,3.090651558073654,0.56657223796034,0.1779387465074044,0.5708215297450425,0.28753541076487255,0.141643059490085
80,4,1408.6853142218354,1,1,704,11.345815707913408,3.0667613636363638,0.5454545454545454,0.11994121225048564,0.5667613636363636,0.2883522727272727,0.14488636363636365
81,1,720.4795265573291,0,0,756,11.832373632583174,2.9444444444444446,0.4801587301587302,-0.22602711796578698,0.8941798941798942,0.07936507936507936,0.026455026455026454
81,2,770.0499737907801,0,0,742,11.855092990738616,2.9366576819407006,0.48787061994609165,-0.2109725467210835,0.8935309973045822,0.08355795148247978,0.022911051212938006
81,3,983.1114251475951,0,1,737,11.666497417898537,2.914518317503392,0.4993215739484396,-0.15271545644961967,0.89280868385346,0.08412483039348712,0.023066485753052916
81,4,1097.6854366235848,0,1,707,11.738866428731676,2.917963224893918,0.4837340876944837,-0.18109829115627332,0.8939179632248939,0.08486562942008487,0.021216407355021217
82,1,785.0750172144576,0,0,1098,11.871146102488273,2.9681238615664847,0.47176684881602915,-0.2597430192520234,0.8934426229508197,0.07194899817850638,0.03460837887067395
82,2,897.7609360848732,0,0,1064,11.829160813214314,2.969924812030075,0.47650375939849626,-0.2259143815085677,0.8947368421052632,0.07048872180451128,0.03477443609022556
82,3,1045.7463791075627,0,1,1030,11.774972909042718,2.970873786407767,0.4893203883495146,-0.18854224594038438,0.8922330097087379,0.07184466019417475,0.035922330097087375
82,4,1203.9617703749575,0,1,990,11.73773921024686,2.9282828282828284,0.4858585858585859,-0.213168670955861,0.8919191919191919,0.06868686868686869,0.03939393939393939
83,1,729.1663719014091,0,0,677,11.893996185527529,3.0059084194977843,0.5258493353028065,-0.09359533523261425,0.8345642540620384,0.11669128508124077,0.04874446085672083
83,2,855.8283981235832,0,0,635,11.970951782342052,2.998425196850394,0.5322834645669291,-0.1031829940526172,0.8220472440944881,0.12755905511811025,0.050393700787401574
83,3,1069.0583572955525,0,1,636,12.024211038429716,3.006289308176101,0.5314465408805031,-0.07255132118253484,0.8333333333333334,0.12106918238993711,0.04559748427672956
83,4,1167.204710845172,0,1,622,11.858352690699961,3,0.522508038585209,-0.07746167340465758,0.819935691318328,0.1302250803858521,0.04983922829581994
84,1,498.22101762573163,0,0,346,12.197176163761107,2.913294797687861,0.3930635838150289,-0.5884386610275696,0.4190751445086705,0.5086705202312138,0.07225433526011561
84,2,656.9635182298124,0,0,329,12.048037368889794,2.893617021276596,0.40425531914893614,-0.5455258356971973,0.42249240121580545,0.5075987841945289,0.06990881458966565
84,3,709.7965422769569,0,1,329,12.102170440735092,2.966565349544073,0.42857142857142855,-0.5233767198256524,0.4376899696048632,0.5015197568389058,0.060790273556231005
84,4,898.6509840702395,0,1,318,12.076985096404472,2.9716981132075473,0.4276729559748428,-0.48983574561626186,0.4276729559748428,0.5125786163522013,0.059748427672955975
85,1,801.3994130963837,1,0,985,11.766904395146941,3.020304568527919,0.5269035532994923,-0.14739641484001353,0.7644670050761422,0.15431472081218275,0.08121827411167512
85,2,1007.873295942806,1,0,944,11.802393189046049,2.9735169491525424,0.524364406779661,-0.11897286480849312,0.7595338983050848,0.15783898305084745,0.0826271186440678
85,3,1152.808924271824,1,1,918,11.923057118776487,2.9705882352941178,0.5217864923747276,-0.15179237140567595,0.7690631808278867,0.15250544662309368,0.0784313725490196
85,4,1111.167095136578,1,1,860,11.964053969580464,2.937209302325581,0.513953488372093,-0.13634238229198653,0.7686046511627908,0.15465116279069768,0.07674418604651163
86,1,813.8298709209629,0,0,602,11.960673301874225,3.0614617940199333,0.5099667774086378,-0.22022381219707016,0.49335548172757476,0.3106312292358804,0.19601328903654486
86,2,748.475141735868,0,0,664,12.022053169705032,3.0451807228915664,0.516566265060241,-0.21862046855353875,0.5030120481927711,0.29819277108433734,0.19879518072289157
86,3,907.3118821531046,0,1,713,11.859566862771137,3.049088359046283,0.5133239831697055,-0.11782043689610447,0.5091164095371669,0.2917251051893408,0.19915848527349228
86,4,1165.6161090977635,0,1,706,11.777778523567852,3.0410764872521248,0.5212464589235127,-0.0574195264588911,0.5014164305949008,0.3045325779036827,0.19405099150141644
87,1,928.8988326329104,1,0,1310,11.26311944544492,3.051908396946565,0.5984732824427481,0.27796414001728253,0.5709923664122137,0.3251908396946565,0.10381679389312977
87,2,1231.6578840946631,1,0,1296,11.25013174764505,3.053240740740741,0.6057098765432098,0.28133756654100484,0.5756172839506173,0.31712962962962965,0.10725308641975309
87,3,1416.9116400456992,1,1,1244,11.264566838993773,3.0136655948553055,0.5972668810289389,0.27161770395859325,0.5763665594855305,0.31511254019292606,0.1085209003215434
87,4,1398.772156333028,1,1,1319,11.24511067941304,2.9886277482941623,0.5921152388172858,0.18805709456895986,0.5663381349507203,0.32221379833206976,0.11144806671721001
88,1,616.4898491707572,0,0,285,12.108154625124985,2.9368421052631577,0.43157894736842106,-0.3515817103708723,0.7157894736842105,0.14035087719298245,0.14385964912280702
88,2,744.7904841474713,0,0,342,12.047273361506797,2.9678362573099415,0.4298245614035088,-0.46974454906428176,0.6871345029239766,0.1695906432748538,0.14327485380116958
88,3,829.4846940239382,0,1,373,11.85969741616259,3.026809651474531,0.4343163538873995,-0.37244925882640784,0.6836461126005362,0.16085790884718498,0.1554959785522788
88,4,800.647739287288,0,1,345,11.808617779518675,3.0492753623188404,0.4260869565217391,-0.3686000138258835,0.6666666666666666,0.17971014492753623,0.1536231884057971
89,1,722.6614949552358,1,0,427,11.760418644172875,2.9765807962529274,0.5245901639344263,-0.22846758504378742,0.7353629976580797,0.13114754098360656,0.13348946135831383
89,2,801.8998405459482,1,0,448,11.856301554246752,3.0580357142857144,0.5379464285714286,-0.183923574208683,0.7232142857142857,0.14285714285714285,0.13392857142857142
89,3,920.194431454674,1,1,562,11.975445927034707,3.0427046263345194,0.5071174377224199,-0.275784617131179,0.7117437722419929,0.1583629893238434,0.1298932384341637
89,4,994.7937446891973,1,1,555,12.077966665610951,3.036036036036036,0.5027027027027027,-0.25556924954040156,0.7063063063063063,0.15675675675675677,0.13693693693693693
90,1,815.7843897608419,0,0,328,10.957812043163207,3.1158536585365852,0.6371951219512195,0.42502111055346153,0.5152439024390244,0.27439024390243905,0.21036585365853658
90,2,1220.4168005711704,0,0,351,11.014679806110436,3.1253561253561255,0.6125356125356125,0.3285567578972207,0.5213675213675214,0.27350427350427353,0.20512820512820512
90,3,1249.9704648588631,0,1,350,11.02823437707173,3.137142857142857,0.6142857142857143,0.2697585094056236,0.5171428571428571,0.29714285714285715,0.18571428571428572
90,4,1755.9155228034401,0,1,336,10.968799640432755,3.1011904761904763,0.5952380952380952,0.24547902229659857,0.5208333333333334,0.3005952380952381,0.17857142857142858
91,1,857.3572436040789,0,0,142,11.332543242585308,3.0704225352112675,0.5140845070422535,0.11936166061193669,0.7535211267605634,0.19014084507042253,0.056338028169014086
91,2,916.7117120027339,0,0,133,11.23899924803845,3.0676691729323307,0.49624060150375937,0.08642197321738085,0.7518796992481203,0.18796992481203006,0.06015037593984962
91,3,1265.9544623344816,0,1,128,11.500883339571326,2.984375,0.4765625,0.060263592128225366,0.7421875,0.1953125,0.0625
91,4,1281.974545917988,0,1,147,11.462002499825727,2.925170068027211,0.4897959183673469,0.032694998748318306,0.7142857142857143,0.21768707482993196,0.06802721088435375
92,1,1090.4997487863666,1,0,261,11.041475540943477,3.0229885057471266,0.5593869731800766,0.15700795365010853,0.5747126436781609,0.19157088122605365,0.23371647509578544
92,2,1084.2835425685557,1,0,365,11.332654939627911,3.03013698630137,0.5561643835616439,-0.0360969198184457,0.5726027397260274,0.1863013698630137,0.2410958904109589
92,3,1243.740668184173,1,1,336,11.304323673878502,3.050595238095238,0.5684523809523809,-0.017450580053011092,0.5625,0.19047619047619047,0.24702380952380953
92,4,1217.7967042238988,1,1,371,11.405093116982686,3.1482479784366575,0.5498652291105122,-0.04535205555116453,0.5525606469002695,0.18328840970350405,0.2641509433962264
93,1,593.3897648820749,1,0,359,12.160128231447255,2.9582172701949863,0.49025069637883006,-0.41295028760332386,0.6685236768802229,0.21448467966573817,0.116991643454039
93,2,835.2230203925792,1,0,356,12.077703764631893,2.960674157303371,0.47752808988764045,-0.39677281593318264,0.6544943820224719,0.24157303370786518,0.10393258426966293
93,3,869.1767457542579,1,1,365,12.088790167274066,3.0657534246575344,0.46301369863013697,-0.5115488746918809,0.6301369863013698,0.26301369863013696,0.10684931506849316
93,4,1035.2794939701052,1,1,350,12.164813455489249,3.1028571428571428,0.46,-0.4957039972799691,0.6228571428571429,0.2742857142857143,0.10285714285714286
94,1,806.7260145150726,1,0,590,10.72493346853365,2.9966101694915253,0.6254237288135593,0.3972891235033991,0.5050847457627119,0.3474576271186441,0.14745762711864407
94,2,1307.1668501868883,1,0,599,10.904027420349303,2.989983305509182,0.6143572621035058,0.33764773392338054,0.5025041736227045,0.337228714524207,0.16026711185308848
94,3,1419.106729808546,1,1,587,10.94070822290533,2.9199318568994888,0.596252129471891,0.3047254635536869,0.49744463373083475,0.3441226575809199,0.15843270868824533
94,4,1402.581717598127,1,1,570,11.110769156339959,2.9157894736842107,0.5982456140350877,0.2615918804446607,0.5017543859649123,0.3456140350877193,0.15263157894736842
95,1,709.5994462369589,0,0,1058,12.369088756647425,2.9612476370510397,0.4045368620037807,-0.6015419210119468,0.5680529300567108,0.3705103969754253,0.06143667296786389
95,2,814.1884773276768,0,0,1056,12.448461702653502,2.983901515151515,0.39867424242424243,-0.6286487206749977,0.5700757575757576,0.36742424242424243,0.0625
95,3,938.2623441064437,0,1,1064,12.32689080687359,2.9840225563909772,0.412593984962406,-0.5430702197806395,0.5620300751879699,0.37406015037593987,0.06390977443609022
95,4,936.7156269816894,0,1,1006,12.342174632274887,2.989065606361829,0.40556660039761433,-0.5409745655875692,0.5656063618290258,0.3667992047713718,0.06759443339960239
96,1,660.758171144822,0,0,249,11.191209512323855,3.0562248995983934,0.54216867469879515,-0.15403809867844753,0.4859437751004016,0.24096385542168675,0.27309236947791166
96,2,925.2085730953056,0,0,244,11.363953246754663,3.0368852459016393,0.5081967213114754,-0.13766114096164117,0.48770491803278687,0.2540983606557377,0.2581967213114754
96,3,982.5701919527172,0,1,240,11.292184817792023,3.05,0.5041666666666667,-0.15443101239726803,0.48333333333333334,0.25833333333333336,0.25833333333333336
96,4,1050.7546902044107,0,1,244,11.406715648043976,2.987704918032787,0.4959016393442623,-0.17600632152533172,0.48360655737704916,0.2581967213114754,0.2581967213114754
97,1,790.3480776349459,1,0,325,11.024122613550498,3.0615384615384613,0.5938461538461538,0.2215537878242971,0.6215384615384615,0.27384615384615385,0.10461538461538461
97,2,1051.2754426607023,1,0,316,10.886441696259935,3.0854430379746836,0.5917721518987342,0.20348308655819317,0.6075949367088608,0.28164556962025317,0.11075949367088607
97,3,1586.1367178241228,1,1,334,11.002960234381211,3,0.5838323353293413,0.13468060266188953,0.6107784431137725,0.27844311377245506,0.11077844311377245
97,4,1468.4477442853602,1,1,310,10.977682272938653,3.0387096774193547,0.6,0.08628232547682538,0.6225806451612903,0.27419354838709675,0.1032258064516129
98,1,840.5997374191602,0,0,466,11.199170614108235,3.107296137339056,0.5472103004291845,0.2713150853789752,0.5643776824034334,0.27467811158798283,0.1609442060085837
98,2,1323.0917840501024,0,0,464,11.388260655094737,3.1357758620689653,0.5538793103448276,0.22211099000687098,0.5818965517241379,0.2629310344827586,0.15517241379310345
98,3,1220.2343749034644,0,1,472,11.228794540787268,3.1758474576271185,0.5317796610169492,0.18065197666913171,0.5847457627118644,0.2648305084745763,0.1504237288135593
98,4,1154.8627507196886,0,1,463,11.297366762646748,3.2159827213822894,0.5421166306695464,0.10515132157441144,0.5896328293736501,0.2505399568034557,0.15982721382289417
99,1,992.1050005717319,0,0,617,11.609006769817391,3.0777957860615883,0.5526742301458671,0.025139750636189392,0.7487844408427877,0.18638573743922204,0.06482982171799027
99,2,969.7979115432461,0,0,627,11.646792963211274,3.090909090909091,0.5422647527910686,-0.050009637555595066,0.7464114832535885,0.189792663476874,0.06379585326953748
99,3,1219.7636599960476,0,1,626,11.66194591500817,3.0782747603833864,0.5511182108626198,-0.012638795362392895,0.7492012779552716,0.17731629392971246,0.07348242811501597
99,4,1255.774029977164,0,1,603,11.790297746301682,3.0945273631840795,0.5472636815920398,-0.08030234681827658,0.7512437810945274,0.175787728026534,0.07296849087893864
100,1,816.1105579138517,0,0,392,11.553399381917904,2.961734693877551,0.5408163265306123,0.09649578093033007,0.7397959183673469,0.1683673469387755,0.09183673469387756
100,2,1086.6109371692178,0,0,396,11.642764103348702,3.0303030303030303,0.5404040404040404,0.1022494885597085,0.7297979797979798,0.1691919191919192,0.10101010101010101
100,3,1242.9881827749978,0,1,408,11.8359164320014,3.0563725490196076,0.5122549019607843,0.026665019334868183,0.7205882352941176,0.1715686274509804,0.10784313725490197
100,4,1227.3236605700029,0,1,396,11.88771754616619,3.101010101010101,0.5151515151515151,-0.021336998602830972,0.7146464646464646,0.18686868686868688,0.09848484848484848
101,1,1223.2697424701696,1,0,213,10.918237953156472,2.915492957746479,0.5586854460093896,0.17152370788108845,0.7605633802816901,0.19718309859154928,0.04225352112676056
101,2,1237.5290879127278,1,0,223,10.994774932644182,2.928251121076233,0.5650224215246636,0.16747999150267706,0.7713004484304933,0.18834080717488788,0.04035874439461883
101,3,1421.6464707436048,1,1,230,11.049306171368888,2.8434782608695652,0.5173913043478261,0.10481762208450551,0.7608695652173914,0.2,0.0391304347826087
101,4,1529.3401503134585,1,1,237,11.314431799053727,2.8565400843881856,0.5274261603375527,0.02004445965919767,0.7974683544303798,0.16455696202531644,0.0379746835443038
102,1,885.3117557252417,1,0,737,11.081912457725837,2.938941655359566,0.5590230664857531,0.30650219964665576,0.8602442333785617,0.08005427408412483,0.05970149253731343
102,2,1157.4074769137871,1,0,856,11.239118148476761,2.9182242990654204,0.544392523364486,0.24246371717038961,0.8516355140186916,0.0911214953271028,0.05724299065420561
102,3,1248.9015044280627,1,1,860,11.338288317153175,2.905813953488372,0.5348837209302325,0.18878221934973796,0.8453488372093023,0.09302325581395349,0.06162790697674419
102,4,1433.0497999880095,1,1,833,11.528987161464867,2.9591836734693877,0.517406962785114,0.09501078600015206,0.8403361344537815,0.09003601440576231,0.06962785114045618
103,1,794.13698991757,1,0,617,11.680736397273392,2.8946515397082657,0.5251215559157212,0.02878495699198219,0.7536466774716369,0.1458670988654781,0.10048622366288493
103,2,969.6339334951145,1,0,608,11.549838456828166,2.8865131578947367,0.5197368421052632,0.02600932420501207,0.7598684210526315,0.13815789473684212,0.10197368421052631
103,3,1105.5793571324373,1,1,603,11.657615439736212,2.915422885572139,0.5008291873963516,-0.00630236065071563,0.7645107794361525,0.13930348258706468,0.09618573797678276
103,4,1214.6412583252027,1,1,698,11.643204698546539,2.8997134670487106,0.505730659025788,-0.045347886673144426,0.7750716332378224,0.13896848137535817,0.08595988538681948
104,1,1169.563498907093,1,0,586,10.73885586043315,2.95221843003413,0.6296928327645052,0.4459627755517205,0.6928327645051194,0.23208191126279865,0.07508532423208192
104,2,1515.985479619684,1,0,596,10.926707503163556,2.9748322147651005,0.6157718120805369,0.3820328530771531,0.6963087248322147,0.22818791946308725,0.07550335570469799
104,3,1388.0664316745404,1,1,571,10.873989484159434,2.9632224168126093,0.6147110332749562,0.39165267343003274,0.7005253940455342,0.22416812609457093,0.07530647985989491
104,4,1489.3681005688866,1,1,584,10.926111061629927,3.0239726027397262,0.6147260273972602,0.3289030354294539,0.702054794520548,0.22602739726027396,0.07191780821917808
105,1,598.0300486454375,0,0,629,12.058262612766814,3.09697933227345,0.4626391096979332,-0.39514408113540145,0.629570747217806,0.2957074721780604,0.07472178060413355
105,2,881.0104227124556,0,0,598,11.905678735195144,3.068561872909699,0.44816053511705684,-0.3946463583476147,0.6070234113712375,0.3076923076923077,0.08528428093645485
105,3,862.9493633814631,0,1,695,11.848734262150813,3.0733812949640287,0.4633093525179856,-0.38199654663205923,0.5985611510791367,0.30071942446043165,0.10071942446043165
105,4,1077.4031310062471,0,1,678,11.790799204769574,3.1002949852507373,0.46607669616519176,-0.32468199354414745,0.616519174041298,0.2920353982300885,0.09144542772861357
106,1,919.9183087513363,0,0,1140,11.582617385784193,2.991228070175439,0.5333333333333333,0.037156141412566,0.4149122807017544,0.33596491228070174,0.24912280701754386
106,2,1267.592183550135,0,0,1147,11.565703344611476,2.990409764603313,0.5326939843068875,0.026013710311728205,0.4184829991281604,0.3199651264167393,0.26155187445510025
106,3,1181.7632806618203,0,1,1140,11.75783611777083,2.9350877192982456,0.5263157894736842,-0.03252626279465609,0.4236842105263158,0.3140350877192982,0.26228070175438595
106,4,1214.4139817869743,0,1,1242,11.595844471758086,2.917874396135266,0.5466988727858293,0.08569490476140158,0.4082125603864734,0.32689210950080516,0.26489533011272143
107,1,591.7145357661556,0,0,312,12.303006128520659,2.8525641025641026,0.47435897435897434,-0.31800922701273643,0.8685897435897436,0.09294871794871795,0.038461538461538464
107,2,759.2247688919059,0,0,286,12.438540920422641,2.86013986013986,0.486013986013986,-0.29675032406686125,0.8776223776223776,0.08741258741258741,0.03496503496503497
107,3,867.2654824744612,0,1,281,12.332461438986694,2.8220640569395017,0.501779359430605,-0.23000238197417486,0.8790035587188612,0.08540925266903915,0.03558718861209965
107,4,1061.2113889915818,0,1,287,12.335017533783939,2.8954703832752613,0.5331010452961672,-0.20531248136917077,0.8885017421602788,0.08710801393728224,0.024390243902439025
108,1,731.6853553050255,0,0,629,11.566048758380434,2.9236883942766294,0.5707472178060413,0.21600831885650432,0.7726550079491256,0.12241653418124006,0.10492845786963434
108,2,980.6826940818851,0,0,641,11.430773916142504,2.9656786271450857,0.5616224648985959,0.14892686401935556,0.7769110764430577,0.12012480499219969,0.1029641185647426
108,3,1385.8600057298506,0,1,645,11.45720229083658,2.9674418604651165,0.5565891472868217,0.11531187017994887,0.7844961240310078,0.12248062015503876,0.09302325581395349
108,4,1349.5687533649677,0,1,654,11.3553204220128,2.978593272171254,0.5657492354740061,0.12220390417111826,0.7737003058103975,0.12385321100917432,0.10244648318042814
109,1,875.9140378722811,1,0,983,11.23272837841488,2.9969481180061037,0.590030518819939,0.21812476242960896,0.6846388606307223,0.2278738555442523,0.08748728382502544
109,2,1256.4895943674323,1,0,951,11.195773743661297,2.972660357518402,0.5930599369085173,0.20276670833867644,0.6876971608832808,0.21976866456361724,0.09253417455310199
109,3,1307.2886622424269,1,1,944,11.288544798331781,2.9375,0.5847457627118644,0.15415843152575395,0.6800847457627118,0.2245762711864407,0.09533898305084745
109,4,1444.7542662089538,1,1,958,11.372842687411257,2.9561586638830897,0.5626304801670147,0.098252240486954745,0.6847599164926931,0.22129436325678498,0.09394572025052192
110,1,819.2040785833616,1,0,550,11.784475090589236,2.9345454545454546,0.5436363636363636,0.08445666930498406,0.8454545454545455,0.09636363636363636,0.05818181818181818
110,2,1230.9285684316337,1,0,533,11.823013716547207,2.983114446529081,0.5572232645403377,0.12177341883426182,0.849906191369606,0.09568480300187618,0.054409005628517824
110,3,1338.6002018294485,1,1,538,11.925305424962998,3.0520446096654275,0.5687732342007435,0.08469320784180676,0.8364312267657993,0.10966542750929369,0.05390334572490706
110,4,1333.9029719888865,1,1,508,12.141537207044896,3.124015748031496,0.5492125984251969,0.01830341008640413,0.8405511811023622,0.0984251968503937,0.0610236220472441
111,1,959.466401660166,0,0,147,11.21695653496512,2.857142857142857,0.5238095238095238,0.007603084412946766,0.6666666666666666,0.21768707482993196,0.11564625850340136
111,2,1020.3034558712191,0,0,162,11.184593173525009,2.7901234567901234,0.5308641975308642,-0.01028085453069203,0.654320987654321,0.2222222222222222,0.12345679012345678
111,3,1263.0364586755497,0,1,158,10.911239922675156,2.7911392405063293,0.5379746835443038,-0.05986000172153395,0.6392405063291139,0.24050632911392406,0.12025316455696203
111,4,1569.1068557276978,0,1,149,10.814258825909635,2.879194630872483,0.5570469798657718,-0.028237813359266697,0.6577181208053692,0.22818791946308725,0.11409395973154363
112,1,828.9982839514258,0,0,526,12.005774952321751,3.074144486692015,0.42015209125475284,-0.6436627529803676,0.6539923954372624,0.2414448669201521,0.10456273764258556
112,2,819.1754783594613,0,0,510,11.993402503920311,3.049019607843137,0.43137254901960786,-0.5702705427073078,0.6529411764705882,0.2372549019607843,0.10980392156862745
112,3,819.4472217557031,0,1,516,11.975730307008202,3.0794573643410854,0.43410852713178294,-0.5524070269497575,0.6511627906976745,0.2364341085271318,0.1124031007751938
112,4,1016.0503697766151,0,1,492,11.920283496360518,3.1097560975609757,0.4410569105691057,-0.5014037875767934,0.6483739837398373,0.23373983739837398,0.11788617886178862
113,1,969.9802021713546,1,0,2719,10.973500575698118,3.004781169547628,0.6156675248253034,0.4128976315808417,0.5969106289076866,0.30415593968370724,0.09893343140860611
113,2,1220.3104653767275,1,0,2622,10.996204626192128,2.9950419527078567,0.6140350877192983,0.3909035378262052,0.599160945842868,0.30472921434019834,0.09610983981693363
113,3,1429.8547579265885,1,1,2731,11.135615512398493,2.9901135115342363,0.5979494690589527,0.28458244784051184,0.60161113145368,0.30281948004393994,0.09556938850238009
113,4,1505.9327154131138,1,1,2675,11.113231095319087,2.986542056074766,0.5988785046728972,0.28150543752552015,0.6048598130841122,0.30467289719626167,0.09046728971962617
114,1,909.8353086661846,1,0,476,11.455847596621984,2.995798319327731,0.5798319327731093,-0.08251360792567418,0.7100840336134454,0.18907563025210083,0.10084033613445378
114,2,1098.2908461721465,1,0,473,11.311137865769059,2.966173361522199,0.5792811839323467,-0.046939773773387844,0.7040169133192389,0.19661733615221988,0.09936575052854123
114,3,1067.4823022304274,1,1,507,11.21812628705414,3.0118343195266273,0.5621301775147929,-0.006041934091264517,0.7080867850098619,0.1932938856015779,0.09861932938856016
114,4,1281.0146668042366,1,1,550,11.549562419660038,2.978181818181818,0.5309090909090909,-0.05932166892190561,0.6963636363636364,0.19636363636363635,0.10727272727272727
115,1,939.2843384944834,1,0,1661,11.108396827374767,3.0222757375075258,0.5972305839855508,0.33973040807492816,0.5129440096327513,0.4328717639975918,0.054184226369656835
115,2,1128.5447595028322,1,0,1694,11.225081888029997,3.0153482880755607,0.5808736717827627,0.2479462969310923,0.5153482880755608,0.4268004722550177,0.05785123966942149
115,3,1258.5595271134657,1,1,1705,11.33507971063989,3.0346041055718476,0.567741935483871,0.17614048907930369,0.5149560117302053,0.4252199413489736,0.05982404692082111
115,4,1447.6889578467483,1,1,1676,11.38894252084656,3.0173031026252985,0.5560859188544153,0.12697481052546258,0.513126491646778,0.42482100238663484,0.06205250596658711
116,1,911.6505220743433,0,0,353,11.976070038637326,2.9461756373937678,0.5240793201133145,-0.26028383104056,0.5580736543909348,0.24362606232294617,0.19830028328611898
116,2,1073.9198075044367,0,0,326,12.037814035411555,2.960122699386503,0.5306748466257669,-0.2608443549268051,0.5613496932515337,0.25153374233128833,0.18711656441717792
116,3,903.7165557060282,0,1,348,12.021070109110656,2.9511494252873565,0.5373563218390804,-0.18156230425289563,0.5718390804597702,0.23850574712643677,0.1896551724137931
116,4,1351.8974829862207,0,1,371,11.912598225619334,2.967654986522911,0.5336927223719676,-0.12197881281279616,0.5714285714285714,0.23180592991913745,0.1967654986522911
117,1,789.395323523163,0,0,476,12.324945149229029,2.926470588235294,0.43067226890756305,-0.5183461199790106,0.7100840336134454,0.16176470588235295,0.12815126050420167
117,2,861.1260744195764,0,0,456,12.27842618712291,2.962719298245614,0.44298245614035087,-0.4588279021235505,0.7149122807017544,0.1600877192982456,0.125
117,3,1110.685378281711,0,1,439,12.49379544167452,2.9726651480637813,0.43507972665148065,-0.5019806701564388,0.7084282460136674,0.16400911161731208,0.1275626423690205
117,4,995.577489860021,0,1,459,12.240015211469169,2.9760348583877994,0.45098039215686275,-0.41756746404068734,0.7015250544662309,0.16775599128540306,0.13071895424836602
118,1,767.4541650322249,0,0,175,11.353304639464316,3.0171428571428573,0.52,-0.09266665326284036,0.8171428571428572,0.11428571428571428,0.06857142857142857
118,2,731.3208069090986,0,0,189,11.335849722041424,3.0899470899470898,0.5185185185185185,-0.058356690398192496,0.8042328042328042,0.12698412698412698,0.06878306878306878
118,3,935.4149900700869,0,1,201,11.58912920381156,3.0248756218905473,0.48756218905472637,-0.16280636365428708,0.7910447761194029,0.13930348258706468,0.06965174129353234
118,4,1424.3625997154347,0,1,197,11.656665273454637,3.045685279187817,0.47715736040609136,-0.15634711727694214,0.8020304568527918,0.12690355329949238,0.07106598984771574
119,1,750.2441209459884,0,0,757,11.834011127703933,3.034346103038309,0.48745046235138706,-0.2099932982011564,0.7463672391017173,0.11756935270805813,0.13606340819022458
119,2,922.1104339753226,0,0,730,11.888090422442058,3.0424657534246577,0.4767123287671233,-0.23068961985606992,0.7424657534246575,0.11917808219178082,0.13835616438356163
119,3,937.6401117532043,0,1,716,11.91780768929107,3.0810055865921786,0.48324022346368717,-0.22824689251030802,0.7388268156424581,0.12569832402234637,0.13547486033519554
119,4,1144.3106263255597,0,1,732,11.84815504270502,3.079234972677596,0.5013661202185792,-0.19837434352081784,0.7540983606557377,0.1133879781420765,0.1325136612021858
120,1,623.7332208005787,1,0,3723,12.714542782780395,3.0139672307279075,0.3768466290625839,-0.9075631062477926,0.9011549825409616,0.06822455009401021,0.030620467365028204
120,2,672.9651731488399,1,0,3503,12.590196806475975,3.025121324578932,0.39223522694833,-0.8312702960074616,0.9000856408792464,0.06965458178703968,0.03025977733371396
120,3,786.8313913539464,1,1,3241,12.570620954995848,3.023758099352052,0.39925948781240356,-0.8063660329977604,0.8981795742054921,0.06942301758716446,0.032397408207343416
120,4,925.5621064006303,1,1,2998,12.525193803564347,3.0446964643095398,0.40727151434289527,-0.7629835309428783,0.8992661774516344,0.06904603068712475,0.03168779186124083
121,1,691.5506837661687,1,0,326,11.522432367492238,2.9846625766871164,0.4662576687116564,-0.2583606946944471,0.7852760736196319,0.08588957055214724,0.12883435582822086
121,2,843.7225303709771,1,0,324,11.38784231513186,2.978395061728395,0.48148148148148145,-0.21630881781105296,0.7962962962962963,0.09259259259259259,0.1111111111111111
121,3,909.9413236989909,1,1,312,11.713224556680855,2.9775641025641026,0.47115384615384615,-0.25976350278864935,0.8012820512820513,0.08653846153846154,0.11217948717948718
121,4,1073.479940404017,1,1,295,11.651339067065946,2.9796610169491524,0.4847457627118644,-0.2640202594423815,0.8135593220338984,0.0847457627118644,0.1016949152542373
122,1,794.6038412095442,1,0,563,11.787743310995864,2.9662522202486676,0.522202486678508,-0.29440538363201874,0.7548845470692718,0.1492007104795737,0.09591474245115453
122,2,827.284859382481,1,0,552,11.805199901006537,2.949275362318841,0.5144927536231884,-0.3124053013286712,0.7481884057971014,0.15579710144927536,0.09601449275362318
122,3,1140.9927923193895,1,1,540,11.87493104736637,2.9722222222222223,0.5351851851851852,-0.2768399444891105,0.7574074074074074,0.15,0.09259259259259259
122,4,1233.6409673039132,1,1,521,11.857744336880033,2.944337811900192,0.5355086372360844,-0.23974039360502256,0.763915547024952,0.15163147792706333,0.08445297504798464
123,1,1257.913393041886,0,0,162,11.19985851330585,2.8518518518518516,0.5617283950617284,0.264608206988927,0.7592592592592593,0.2037037037037037,0.037037037037037035
123,2,1141.9343003968975,0,0,173,11.305552669557715,2.739884393063584,0.5491329479768786,0.20797403039768933,0.7514450867052023,0.2023121387283237,0.046242774566473986
123,3,1044.932854915185,0,1,209,11.163500348906034,2.617224880382775,0.5933014354066986,0.2214597514283732,0.784688995215311,0.16267942583732056,0.05263157894736842
123,4,1357.7249352221104,0,1,244,10.952924515435491,2.7459016393442623,0.5737704918032787,0.17057511818494805,0.7745901639344263,0.1762295081967213,0.04918032786885246
124,1,801.235965105604,0,0,660,11.43690217140212,2.9863636363636363,0.5515151515151515,0.003380298829676921,0.7287878787878788,0.2015151515151515,0.0696969696969697
124,2,858.5465663948517,0,0,709,11.372245603899414,3.016925246826516,0.5416078984485191,-0.022001559226677493,0.7291960507757405,0.20310296191819463,0.06770098730606489
124,3,1250.8130964076558,0,1,686,11.356366291945255,3.0379008746355685,0.5306122448979592,-0.04664615894976417,0.7201166180758017,0.20845481049562684,0.07142857142857142
124,4,1318.1849257985702,0,1,679,11.357979394230462,3.03240058910162,0.540500736377025,-0.06287131416037485,0.727540500736377,0.20471281296023564,0.06774668630338733
125,1,808.9026556431488,0,0,982,11.984708494348109,2.939918533604888,0.4623217922606925,-0.3401613006093244,0.6863543788187373,0.26272912423625255,0.05091649694501019
125,2,1013.9424255833565,0,0,981,11.901019760039569,2.950050968399592,0.4658511722731906,-0.28882287605604856,0.6870540265035678,0.25891946992864423,0.05402650356778797
125,3,999.8079699864833,0,1,997,11.837398661430672,3.0070210631895686,0.477432296890672,-0.2229666680331212,0.6820461384152458,0.26078234704112335,0.05717151454363089
125,4,1100.7458008984413,0,1,1048,11.767245856491732,2.9856870229007635,0.4856870229007634,-0.22768675352111015,0.6793893129770993,0.2681297709923664,0.05248091603053435
126,1,797.6546400600657,1,0,504,11.358948259006285,3.132936507936508,0.5436507936507936,-0.02610780049697312,0.8055555555555556,0.09325396825396826,0.10119047619047619
126,2,1041.6594878817084,1,0,486,11.460866740559835,3.1646090534979425,0.5534979423868313,0.007304640987398085,0.8106995884773662,0.09670781893004116,0.09259259259259259
126,3,1075.9490158552592,1,1,468,11.564920517829936,3.0876068376068377,0.5491452991452992,-0.004193567620583911,0.8076923076923077,0.10042735042735043,0.09188034188034189
126,4,1315.2408134040525,1,1,589,11.618996910469871,3.1052631578947367,0.5432937181663837,-0.09055971797720978,0.8081494057724957,0.1035653650254669,0.08828522920203735
127,1,1036.6657575660838,0,0,660,11.161181774321479,3.046969696969697,0.546969696969697,0.19257667108879986,0.5803030303030303,0.10606060606060606,0.31363636363636366
127,2,1188.9979265579839,0,0,670,11.20027443391707,3.073134328358209,0.5492537313432836,0.2054181642895782,0.5940298507462687,0.1044776119402985,0.30149253731343284
127,3,1337.3527113323207,0,1,674,11.240600399491537,3.0326409495548963,0.5578635014836796,0.21522655362107387,0.5949554896142433,0.11127596439169139,0.29376854599406527
127,4,1389.3368516777834,0,1,632,11.152572919838276,3.0205696202531644,0.5522151898734177,0.19707744387030793,0.5854430379746836,0.11550632911392406,0.2990506329113924
128,1,907.5900364268285,1,0,1803,11.114251370124194,2.9650582362728786,0.6023294509151415,0.35785121976899487,0.7010537992235164,0.19023849140321686,0.10870770937326678
128,2,1143.1103631588426,1,0,1772,11.05242627440485,2.9723476297968396,0.5908577878103838,0.34047676061225,0.698645598194131,0.19074492099322798,0.11060948081264109
128,3,1298.868950653586,1,1,1765,11.1293351029931,2.9909348441926347,0.5909348441926345,0.294330866987867,0.6878186968838527,0.20056657223796034,0.11161473087818696
128,4,1485.16472207793,1,1,1727,11.201351919696357,2.9675738274464387,0.5761436016213086,0.2213994338334279,0.677475390851187,0.21134916039374638,0.11117544875506659
129,1,810.9156090211511,0,0,211,10.439119715930397,3.184834123222749,0.5071090047393365,0.1335789386873881,0.5213270142180095,0.32701421800947866,0.15165876777251186
129,2,1133.6234388744517,0,0,229,10.656675074034176,3.2270742358078603,0.5065502183406113,-0.0044898874016827154,0.5283842794759825,0.3318777292576419,0.13973799126637554
129,3,1352.5899545008715,0,1,225,10.45091091185189,3.0933333333333333,0.5111111111111111,0.044363758910783764,0.5155555555555555,0.3333333333333333,0.1511111111111111
129,4,1539.6666326572793,0,1,229,10.446116910082655,3.091703056768559,0.4890829694323144,0.03793840442794328,0.5414847161572053,0.31877729257641924,0.13973799126637554
130,1,1165.1444419881861,0,0,202,10.848458026118536,2.8168316831683167,0.5594059405940595,0.4643625745258359,0.8960396039603961,0.07425742574257425,0.0297029702970297
130,2,1114.6821500718938,0,0,199,10.860576487343575,2.85929648241206,0.5376884422110553,0.4251548046061566,0.8944723618090452,0.07035175879396985,0.035175879396984924
130,3,1155.5583052979753,0,1,221,10.853173635442362,2.8552036199095023,0.5610859728506787,0.3803458118569021,0.8868778280542986,0.07692307692307693,0.03619909502262444
130,4,1681.8636985562882,0,1,198,10.630117691310105,2.8434343434343434,0.5656565656565656,0.42393784485043623,0.8838383838383839,0.08080808080808081,0.03535353535353535
131,1,867.830417220621,0,0,841,11.171069689894429,2.9524375743162903,0.5814506539833532,0.24303744353353748,0.7788347205707491,0.12247324613555291,0.09869203329369798
131,2,1149.493962466748,0,0,829,11.325681156992248,2.9264173703256935,0.5790108564535585,0.2171625378481829,0.7828709288299156,0.1218335343787696,0.09529553679131483
131,3,1309.480728411495,0,1,832,11.502543015750046,2.923076923076923,0.5637019230769231,0.14200944766054566,0.7956730769230769,0.1141826923076923,0.09014423076923077
131,4,1317.219297687374,0,1,808,11.604074806663284,2.9034653465346536,0.5495049504950495,0.06442496962906523,0.7908415841584159,0.1150990099009901,0.09405940594059406
132,1,714.8100586671912,1,0,516,11.91291069413033,3.0213178294573644,0.5116279069767442,-0.18854224594038438,0.9069767441860465,0.07364341085271318,0.01937984496124031
132,2,888.7327143773346,1,0,509,11.972783529624051,3.0078585461689586,0.518664047151277,-0.19287252192288667,0.9096267190569745,0.07072691552062868,0.019646365422396856
132,3,1077.3858400555303,1,1,506,11.931638756156845,3.0197628458498023,0.541501976284585,-0.17734123279761585,0.9031620553359684,0.07509881422924901,0.021739130434782608
132,4,1029.4878737145034,1,1,570,11.885784865839028,2.9947368421052634,0.5333333333333333,-0.1831759905767478,0.9140350877192982,0.06491228070175438,0.021052631578947368
133,1,795.878726036997,0,0,1098,11.768447524066728,3.046448087431694,0.51183970856102,-0.05900436031817344,0.8287795992714025,0.10746812386156648,0.06375227686703097
133,2,904.8775189643595,0,0,1120,11.674661285136203,3.0642857142857145,0.525,-0.01728993060147365,0.825,0.11160714285714286,0.06339285714285714
133,3,1127.5487735061208,0,1,1127,11.64740886530531,3.0709849157054125,0.5279503105590062,-0.02565767159894551,0.8225377107364685,0.1126885536823425,0.064773735581189
133,4,1203.6082468066209,0,1,1082,11.487920857195107,3.077634011090573,0.5304990757855823,0.01017607747709187,0.8299445471349353,0.10813308687615526,0.06192236598890943
134,1,780.6396857366601,1,0,333,11.542217850195067,3.024024024024024,0.44144144144144143,-0.23946763964696738,0.6246246246246246,0.1891891891891892,0.18618618618618618
134,2,857.7620385319336,1,0,326,11.58941884929857,3.067484662576687,0.46319018404907975,-0.24373469554833913,0.6165644171779141,0.20245398773006135,0.18098159509202455
134,3,1050.7073373542391,1,1,306,11.475422114745326,3.0947712418300655,0.4803921568627451,-0.1432664005136236,0.630718954248366,0.20915032679738563,0.16013071895424835
134,4,1164.7158735300172,1,1,368,11.342233176684427,3.0625,0.5163043478260869,-0.08048802788454994,0.6277173913043478,0.23097826086956522,0.14130434782608695
135,1,926.7453539453203,0,0,983,11.864836700613807,2.9572736520854526,0.491353001017294,-0.20323112966793785,0.8687690742624619,0.09766022380467955,0.0335707019328586
135,2,918.2205274841308,0,0,987,11.755427894131897,3.0010131712259374,0.5207700101317123,-0.16179012450705754,0.8703140830800405,0.09929078014184398,0.030395136778115502
135,3,1162.8714360166698,0,1,1010,11.788397704779989,3.005940594059406,0.5089108910891089,-0.16618493216998584,0.8653465346534653,0.10594059405940594,0.028712871287128714
135,4,1280.490369176676,0,1,1009,11.846846839160184,2.989098116947473,0.5024777006937562,-0.23236499622895218,0.8711595639246779,0.0981169474727453,0.030723488602576808
136,1,743.0709042491819,0,0,841,11.568505579499043,2.9726516052318668,0.5017835909631391,-0.0652566858663492,0.807372175980975,0.1426872770511296,0.04994054696789536
136,2,918.5569999762355,0,0,863,11.45950499145055,2.944380069524913,0.5098493626882966,-0.011898587130526574,0.8111239860950173,0.13789107763615296,0.05098493626882966
136,3,1128.3298977222341,0,1,865,11.476131468058645,2.997687861271676,0.5179190751445086,-0.0292597076553326,0.8161849710982659,0.1352601156069364,0.048554913294797684
136,4,1101.2679804955849,0,1,887,11.562844386135637,3.012401352874859,0.5028184892897407,-0.11830565371240341,0.8196166854565953,0.133032694475761,0.04735062006764374
137,1,806.1991276104886,0,0,312,11.804733012972362,2.8493589743589745,0.4807692307692308,-0.3402118050585518,0.4967948717948718,0.28525641025641024,0.21794871794871795
137,2,717.5818819389078,0,0,303,12.016652642865479,2.844884488448845,0.48514851485148514,-0.31042375062496075,0.49504950495049505,0.29042904290429045,0.2145214521452145
137,3,951.0525420717707,0,1,291,11.91466300300346,2.8006872852233675,0.49140893470790376,-0.2752598261723467,0.5085910652920962,0.281786941580756,0.20962199312714777
137,4,889.7533117686332,0,1,374,11.945695737951326,2.9224598930481283,0.5187165775401069,-0.16015797920884958,0.5133689839572193,0.2647058823529412,0.22192513368983957
138,1,711.40433655224615,0,0,386,11.562677229480663,2.8808290155440415,0.46632124352331605,-0.33630644613171234,0.8186528497409327,0.12694300518134716,0.054404145077720206
138,2,731.7500765034275,0,0,371,11.505801314015217,2.857142857142857,0.46900269541778977,-0.2837194681719996,0.8140161725067385,0.1293800539083558,0.05660377358490566
138,3,957.039934939196,0,1,373,11.486628183323534,2.941018766756032,0.47989276139410186,-0.24100096764885665,0.8123324396782842,0.13941018766756033,0.04825737265415549
138,4,1022.752663828563,0,1,362,11.589673978836757,3.0082872928176796,0.4723756906077348,-0.24470742435634674,0.8121546961325967,0.13812154696132597,0.049723756906077346
139,1,717.1988898287129,1,0,506,11.399336678379617,3.142292490118577,0.48023715415019763,-0.07048712329279232,0.7114624505928854,0.23715415019762845,0.05138339920948617
139,2,929.4774549605432,1,0,482,11.41204589210397,3.159751037344398,0.4730290456431535,-0.1275087862608492,0.7033195020746889,0.23858921161825727,0.058091286307053944
139,3,1113.9110765009534,1,1,508,11.381910262088088,3.1122047244094486,0.49015748031496065,-0.07272284607606957,0.6968503937007874,0.23818897637795275,0.06496062992125984
139,4,1141.0495309836392,1,1,515,11.549179325215148,3.07378640776699,0.4912621359223301,-0.11229146548638096,0.7048543689320388,0.22524271844660193,0.06990291262135923
140,1,803.6025139095332,1,0,573,11.32695929215687,3.0104712041884816,0.5462478184991274,0.11753841589635851,0.6195462478184991,0.18848167539267016,0.19197207678883071
140,2,1059.5683461313265,1,0,554,11.358232156843533,3.0252707581227436,0.555956678700361,0.12227094564064336,0.6191335740072202,0.18592057761732853,0.19494584837545126
140,3,1032.0244998136627,1,1,603,11.512208615245902,3.0348258706467663,0.5439469320066335,0.0342782769250436,0.6384742951907131,0.1791044776119403,0.1824212271973466
140,4,1178.2332295571202,1,1,596,11.75543587997912,3.0167785234899327,0.5302013422818792,-0.12122042208805059,0.6342281879194631,0.18959731543624161,0.1761744966442953
141,1,853.1882759124564,1,0,392,11.388383206884734,2.931122448979592,0.5255102040816326,-0.081825110276228,0.5459183673469388,0.30612244897959184,0.14795918367346939
141,2,931.4333272367114,1,0,382,11.313214648099105,2.93979057591623,0.5287958115183246,-0.07267277764824985,0.5392670157068062,0.3036649214659686,0.15706806282722513
141,3,1141.0072332180034,1,1,374,11.496808894568705,2.9251336898395723,0.5294117647058824,-0.0908811248132392,0.5427807486631016,0.31016042780748665,0.14705882352941177
141,4,1243.0475329860078,1,1,358,11.464375253738828,2.874301675977654,0.5195530726256983,-0.08877803905266483,0.5223463687150838,0.329608938547486,0.14804469273743018
142,1,1187.6259963138648,1,0,427,11.089216364690206,3.0749414519906324,0.5152224824355972,0.11621766441883731,0.5831381733021077,0.3442622950819672,0.07259953161592506
142,2,1070.71234735742,1,0,425,11.238728960562565,3.0352941176470587,0.4964705882352941,0.046527591523387396,0.5764705882352941,0.3458823529411765,0.07764705882352942
142,3,1335.3482373267523,1,1,450,11.233568172069148,3.1,0.5111111111111111,0.07415173721363702,0.5577777777777778,0.3622222222222222,0.08
142,4,1672.0468775349236,1,1,463,11.26819626554272,3.075593952483801,0.5075593952483801,0.05366022306867482,0.5788336933045356,0.34989200863930886,0.07127429805615551
143,1,840.4512906013802,0,0,1099,11.5207415519278,3.05368516833485,0.5368516833484986,0.002722693431451478,0.6178343949044586,0.3002729754322111,0.0818926296633303
143,2,970.6877071766417,0,0,1060,11.553693732705602,3.013207547169811,0.5405660377358491,0.010650949479132369,0.6216981132075472,0.30471698113207546,0.07358490566037736
143,3,1300.6262089551374,0,1,1088,11.601949686619298,3.0229779411764706,0.5220588235294118,-0.03275952778775535,0.6323529411764706,0.29503676470588236,0.07261029411764706
143,4,1301.6676229445097,0,1,1038,11.602642681207202,3.0115606936416186,0.5192678227360308,-0.05307668530291788,0.628131021194605,0.302504816955684,0.06936416184971098
144,1,897.3393522773925,0,0,307,11.951515805353859,2.970684039087948,0.46905537459283386,-0.25579523457749104,0.8794788273615635,0.05863192182410423,0.06188925081433225
144,2,1021.1579841701637,0,0,289,11.941283395896912,3.038062283737024,0.45674740484429066,-0.24877745206009708,0.8823529411764706,0.06228373702422145,0.05536332179930796
144,3,1210.1246119387229,0,1,350,11.966781138383006,3.0914285714285716,0.46,-0.20987649310455636,0.8628571428571429,0.07428571428571429,0.06285714285714286
144,4,1100.2922290079741,0,1,326,11.900345763705044,3.0950920245398774,0.450920245398773,-0.18743839694822528,0.8466257668711656,0.08282208588957055,0.0705521472392638
145,1,867.0786585957803,0,0,276,11.360075573225584,3.0615942028985508,0.5869565217391305,0.09275727195459338,0.7971014492753623,0.18115942028985507,0.021739130434782608
145,2,1241.4126974545845,0,0,266,11.376312604464538,2.988721804511278,0.6015037593984962,0.13512412273609942,0.7969924812030075,0.18421052631578946,0.018796992481203006
145,3,1246.4306651814172,0,1,254,11.45665022341868,2.909448818897638,0.5866141732283464,0.0891409635202358,0.8070866141732284,0.16535433070866143,0.027559055118110236
145,4,1344.6289661713597,0,1,331,11.56992327097235,2.915407854984894,0.5981873111782477,0.04778231884091514,0.797583081570997,0.15709969788519637,0.045317220543806644
146,1,784.816233340763,0,0,2283,11.485430953077095,3.0135786246167324,0.5067893123083662,-0.10900141631276268,0.8011388523872098,0.10775295663600526,0.09110819097678494
146,2,881.0693067069811,0,0,2211,11.53784476996509,2.9990954319312526,0.49796472184531887,-0.12227997826780025,0.8032564450474898,0.10719131614654002,0.08955223880597014
146,3,937.1795282021498,0,1,2269,11.5070713649378,2.985456148082856,0.49889819303658,-0.07389701989036945,0.8043190832966064,0.10224768620537682,0.09343323049801674
146,4,1165.3025769213568,0,1,2200,11.502369570148408,2.9909090909090907,0.505,-0.06063023172715602,0.8009090909090909,0.10318181818181818,0.0959090909090909
147,1,744.4055969298604,0,0,1096,12.525619665635347,3.0054744525547443,0.3905109489051095,-0.7761791776845972,0.6715328467153284,0.24726277372262773,0.0812043795620438
147,2,671.0382799590857,0,0,1082,12.40025178105678,2.9602587800369684,0.39926062846580407,-0.6989739561746466,0.666358595194085,0.25046210720887246,0.08317929759704251
147,3,709.4514930567349,0,1,1011,12.332497984494168,2.9683481701285857,0.39564787339268054,-0.6632319784496074,0.6706231454005934,0.24727992087042533,0.0820969337289812
147,4,826.0928170947201,0,1,1068,12.19384536866358,2.9691011235955056,0.42228464419475653,-0.5707194692645452,0.6760299625468165,0.2397003745318352,0.08426966292134831
148,1,629.011284529105,1,0,354,11.707597795731076,2.9152542372881354,0.4887005649717514,-0.22793312840775662,0.5819209039548022,0.2909604519774011,0.1271186440677966
148,2,789.5568875026913,1,0,350,11.65422448781988,2.837142857142857,0.5257142857142857,-0.15795459036765586,0.5742857142857143,0.29714285714285715,0.12857142857142856
148,3,1081.582919654316,1,1,335,11.708085126424564,2.8328358208955224,0.5194029850746269,-0.15107975294305664,0.5761194029850746,0.2865671641791045,0.1373134328358209
148,4,1075.7080801838947,1,1,333,11.774101520743727,2.7867867867867866,0.5225225225225225,-0.1678749110939462,0.5915915915915916,0.27927927927927926,0.12912912912912913
149,1,798.6438100562511,0,0,340,11.55897564350867,3.111764705882353,0.5058823529411764,-0.1877484486504347,0.6852941176470588,0.20294117647058824,0.11176470588235295
149,2,931.7047502946151,0,0,314,11.60010871415683,3.0923566878980893,0.4968152866242038,-0.2028676747399013,0.6815286624203821,0.20382165605095542,0.11464968152866242
149,3,959.733125352818,0,1,302,11.49700211588011,3.1125827814569536,0.49337748344370863,-0.19807482266737417,0.6754966887417219,0.20860927152317882,0.11589403973509933
149,4,1079.493475625354,0,1,301,11.312502188468828,3.0930232558139537,0.5149501661129569,-0.13399615309278856,0.6744186046511628,0.21926910299003322,0.10631229235880399
150,1,965.038800822435,0,0,486,12.054182083203969,3.049382716049383,0.48148148148148145,-0.21630881781105296,0.4588477366255144,0.24691358024691357,0.294238683127572
150,2,868.5906420173055,0,0,499,12.104196307898626,2.995991983967936,0.4909819639278557,-0.19007469361436877,0.46292585170340683,0.24649298597194388,0.2905811623246493
150,3,945.7258294294569,0,1,486,12.119024629626633,3.0082304526748973,0.4876543209876543,-0.21242149774915936,0.45473251028806583,0.25308641975308643,0.29218106995884774
150,4,1075.1606890156952,0,1,449,12.155216039011204,2.9888641425389757,0.5077951002227171,-0.2008646671228998,0.47438752783964366,0.24721603563474387,0.27839643652561247
151,1,896.043823346441,0,0,797,11.152935862722938,3.0903387703889584,0.5658720200752823,0.1486805049029489,0.6223337515683814,0.25972396486825594,0.11794228356336262
151,2,1064.5874304379433,0,0,782,11.064406720972281,3.078005115089514,0.5524296675191815,0.16153386323598423,0.6176470588235294,0.2595907928388747,0.12276214833759591
151,3,1172.8371146991276,0,1,770,11.03866780580777,3.081818181818182,0.5376623376623376,0.093616608941737,0.6285714285714286,0.2571428571428571,0.11428571428571428
151,4,1335.224183454442,0,1,717,11.184162087168886,3.0683403068340307,0.5327754532775453,0.06974263795682482,0.6234309623430963,0.26638772663877264,0.1101813110181311
152,1,742.0512734008531,0,0,515,11.3094854135309,3.0621359223300972,0.5048543689320388,0.05470909834873306,0.5009708737864078,0.4155339805825243,0.08349514563106795
152,2,976.6321619524421,0,0,542,11.502070897286577,3.0332103321033212,0.5092250922509225,0.02308821235801405,0.5055350553505535,0.4188191881918819,0.07564575645756458
152,3,1093.7939877878146,0,1,549,11.467070037557543,3.036429872495446,0.5045537340619308,0.04324945451833463,0.5009107468123861,0.4207650273224044,0.07832422586520947
152,4,1077.493292535659,0,1,613,11.51790838373557,3.0587275693311584,0.5073409461663948,0.01479331108876524,0.5106035889070146,0.4078303425774878,0.08156606851549755
153,1,523.967493809193,0,0,339,11.739138723798252,3,0.45427728613569324,-0.2781078693639127,0.6312684365781711,0.3185840707964602,0.05014749262536873
153,2,865.9274049967763,0,0,346,11.838464298553667,3.014450867052023,0.47109826589595377,-0.25744507428765623,0.6358381502890174,0.31213872832369943,0.05202312138728324
153,3,872.42077296180355,0,1,346,11.79499958576001,3.0173410404624277,0.48554913294797686,-0.1768417656549986,0.6445086705202312,0.3092485549132948,0.046242774566473986
153,4,1011.2305788365953,0,1,328,11.766741451458364,3.0396341463414633,0.49390243902439024,-0.19457639607130284,0.6310975609756098,0.3170731707317073,0.051829268292682924
154,1,1046.244578966261,0,0,505,11.072811591469035,2.881188118811881,0.5821782178217821,0.22894273271243615,0.5207920792079208,0.3306930693069307,0.1485148514851485
154,2,1446.0173157560146,0,0,498,11.10660920329395,2.9016064257028114,0.5803212851405622,0.2197267216615909,0.5301204819277109,0.321285140562249,0.14859437751004015
154,3,1410.3653897360634,0,1,472,11.127801822194154,2.913135593220339,0.586864406779661,0.21019513851966087,0.5254237288135594,0.3220338983050847,0.15254237288135594
154,4,1435.9340268349933,0,1,448,11.073267011995737,2.9107142857142856,0.5892857142857143,0.2026391685532813,0.5334821428571429,0.32142857142857145,0.14508928571428573
155,1,718.0783488854026,0,0,224,10.789049437971885,2.9910714285714284,0.5267857142857143,0.12231444278456145,0.6741071428571429,0.18303571428571427,0.14285714285714285
155,2,1261.416932432944,0,0,215,10.969266344313633,2.986046511627907,0.5581395348837209,0.1606424130943892,0.6790697674418604,0.16744186046511628,0.15348837209302327
155,3,1140.344665419431,0,1,210,11.147923878472513,3.038095238095238,0.5428571428571428,0.17002732989118105,0.6761904761904762,0.18095238095238095,0.14285714285714285
155,4,1358.9675377398414,0,1,212,11.489462080783845,3.0330188679245285,0.5377358490566038,0.1326960346999526,0.6650943396226415,0.19339622641509435,0.14150943396226415
156,1,972.3433558185238,1,0,78,11.972991323976254,2.8461538461538463,0.6666666666666666,0.25089579226510456,0.6666666666666666,0.1282051282051282,0.20512820512820512
156,2,1223.9999417931938,1,0,73,12.104235407599893,2.9178082191780823,0.6712328767123288,0.21382961322544405,0.6438356164383562,0.136986301369863,0.2191780821917808
156,3,1131.0280800876221,1,1,75,12.212058557709367,2.84,0.5733333333333334,-0.009214618170858347,0.6133333333333333,0.14666666666666667,0.24
156,4,1125.320464304813,1,1,75,12.364623253549059,3,0.5733333333333334,-0.06199331798262521,0.6133333333333333,0.14666666666666667,0.24
157,1,698.5275537903433,0,0,1663,11.687399797678996,2.9699338544798555,0.5213469633193024,-0.11521345118810553,0.6500300661455202,0.27119663259170174,0.07877330126277811
157,2,922.1617084458421,0,0,1689,11.751108987266285,2.95441089402013,0.5174659561870929,-0.13024428156126802,0.655417406749556,0.2640615748963884,0.08052101835405566
157,3,1009.7695571222982,0,1,1650,11.862978881544873,2.9478787878787878,0.5096969696969696,-0.1726213984765043,0.6587878787878788,0.26484848484848483,0.07636363636363637
157,4,1244.76632785634,0,1,1656,11.808988183941594,2.9329710144927534,0.5223429951690821,-0.12617611103435222,0.6582125603864735,0.2693236714975845,0.07246376811594203
158,1,880.2456832752255,1,0,3724,11.615826699274868,2.9385069817400646,0.5236305048335124,-0.07893825171100634,0.7545649838882922,0.16031149301825995,0.08512352309344791
158,2,1021.0564836971104,1,0,3578,11.587332700178651,2.9575181665735046,0.5187255449972051,-0.08902399654303828,0.7540525433202907,0.16126327557294579,0.08468418110676355
158,3,1205.5107917503547,1,1,3607,11.476720048456091,2.9686720266149154,0.5353479345716662,-0.025288197805797604,0.7574161352924869,0.1574715830329914,0.08511228167452177
158,4,1252.6383809423446,1,1,3669,11.698916668689545,2.9841918778958845,0.50613246116107935,-0.16832554799438637,0.7612428454619787,0.15290269828291086,0.08585445625511039
159,1,795.7328165579282,0,0,797,11.580625692360277,2.879548306148055,0.5382685069008782,0.07237503893806412,0.671267252195734,0.24215809284818068,0.08657465495608532
159,2,1090.9623051948333,0,0,817,11.621209464579504,2.8922888616891065,0.5373317013463892,0.03097136693395612,0.6805385556915544,0.23990208078335373,0.0795593635250918
159,3,1087.0654790697192,0,1,810,11.526589948932543,2.9098765432098768,0.528395061728395,-0.0019508829694914482,0.682716049382716,0.23950617283950618,0.07777777777777778
159,4,1260.8370974530947,0,1,791,11.538840374128062,2.8735777496839443,0.5195954487989887,-0.017201786654612403,0.6700379266750948,0.2553729456384324,0.07458912768647281
160,1,867.5614213154622,1,0,456,11.365801300593033,3.0767543859649122,0.48903508771929827,-0.10094601868102251,0.8223684210526315,0.08991228070175439,0.08771929824561403
160,2,1127.2717081921578,1,0,455,11.523777268133882,3.0813186813186815,0.5076923076923077,-0.10105008310307106,0.8219780219780219,0.09010989010989011,0.08791208791208792
160,3,1162.2384211512258,1,1,530,11.586925903147181,3.0962264150943395,0.5169811320754717,-0.07192893085456588,0.8037735849056604,0.1,0.09622641509433963
160,4,1336.379440725503,1,1,500,11.638196258685083,3.096,0.518,-0.09857855307941815,0.8,0.102,0.098
161,1,517.9945419067309,0,0,325,11.270182612345693,2.873846153846154,0.5076923076923077,0.17504947889924377,0.68,0.16615384615384615,0.15384615384615385
161,2,933.1450850082837,0,0,323,11.214520007032053,2.8792569659442724,0.5170278637770898,0.16003224822524795,0.6687306501547987,0.17337461300309598,0.15789473684210525
161,3,1114.000506539232,0,1,336,11.415110898169411,2.857142857142857,0.5089285714285714,0.0615354002862301,0.6696428571428571,0.17261904761904762,0.15773809523809523
161,4,1105.6213296900753,0,1,299,11.56730697540866,2.862876254180602,0.5050167224080268,0.04629608943748902,0.6688963210702341,0.16387959866220736,0.16722408026755853
162,1,847.5257051723512,0,0,172,11.049693201281872,3.052325581395349,0.5813953488372093,0.42080485977488113,0.7790697674418605,0.1511627906976744,0.06976744186046512
162,2,1156.3626389610981,0,0,174,11.183526193700686,3.074712643678161,0.5919540229885057,0.34968881307263777,0.7758620689655172,0.15517241379310345,0.06896551724137931
162,3,1344.9924882572489,0,1,183,11.445588698928882,3,0.5792349726775956,0.23350054269972226,0.7704918032786885,0.15300546448087432,0.07650273224043716
162,4,1531.5400180612826,0,1,173,11.376711037011713,2.976878612716763,0.5664739884393064,0.2220146067401523,0.7687861271676301,0.15028901734104047,0.08092485549132948
163,1,517.845021691131,0,0,361,11.956401234828318,2.966759002770083,0.49584487534626037,-0.23177964403284324,0.5512465373961218,0.29362880886426596,0.15512465373961218
163,2,842.6314487021708,0,0,340,11.911577902467473,2.9411764705882355,0.49411764705882355,-0.22161713302162198,0.5529411764705883,0.29411764705882354,0.15294117647058825
163,3,882.0702589879894,0,1,330,11.822558023210464,3.003030303030303,0.509090909090909,-0.232706240617586,0.5454545454545454,0.30606060606060603,0.1484848484848485
163,4,1119.922086421211,0,1,329,11.856319154320332,3.0425531914893615,0.5319148936170213,-0.24610260261890532,0.5683890577507599,0.2826747720364742,0.14893617021276595
164,1,1059.220599207052,0,0,1541,10.815643752144853,2.953277092796885,0.5892277741726152,0.3745043704110685,0.5892277741726152,0.24010382868267358,0.17066839714471121
164,2,1284.585955359024,0,0,1575,10.83929738015476,2.9434920634920636,0.5726984126984127,0.3252218400519717,0.5936507936507937,0.23809523809523808,0.16825396825396827
164,3,1485.4599888246503,0,1,1593,10.893771414271633,2.9799121155053356,0.568738229755179,0.2719216396477438,0.5894538606403014,0.24419334588826114,0.16635279347143753
164,4,1628.100629483993,0,1,1558,10.998426004725712,2.9781771501925545,0.5468549422336328,0.1970081887404061,0.5930680359435173,0.23234916559691912,0.17458279845956354
165,1,704.0602698886041,0,0,153,12.285377503095939,2.9673202614379086,0.48366013071895425,-0.3752316085767032,0.8366013071895425,0.10457516339869281,0.058823529411764705
165,2,936.7779265009763,0,0,162,12.281772497515036,2.919753086419753,0.4876543209876543,-0.3334837511052744,0.8271604938271605,0.1111111111111111,0.06172839506172839
165,3,918.9678077274449,0,1,172,12.431821684556402,2.9767441860465116,0.47093023255813954,-0.3407482611877168,0.7965116279069767,0.13372093023255813,0.06976744186046512
165,4,1030.586952144329,0,1,162,12.381928865971982,3.0864197530864197,0.46296296296296297,-0.32626444241890057,0.7962962962962963,0.13580246913580246,0.06790123456790123
166,1,1070.1133630209572,1,0,400,11.572666126981426,2.995,0.51,-0.10622546697260027,0.825,0.0975,0.0775
166,2,1234.397679677307,1,0,413,11.494087519878931,2.9951573849878934,0.5036319612590799,-0.0694982794790816,0.8353510895883777,0.09443099273607748,0.07021791767554479
166,3,1167.108434180911,1,1,400,11.32418323596003,3.02,0.5025,-0.056295617434764016,0.8375,0.09,0.0725
166,4,1305.0128810690019,1,1,438,11.40969656902331,3.0319634703196345,0.4931506849315068,-0.09981093243367796,0.8515981735159818,0.07990867579908675,0.0684931506849315
167,1,776.3548127834052,1,0,265,10.823650089601358,2.9924528301886792,0.5584905660377358,0.38026593288432853,0.6867924528301886,0.2188679245283019,0.09433962264150944
167,2,1042.4240415272286,1,0,280,11.088160987785207,3,0.5321428571428571,0.24585387101685258,0.6785714285714286,0.22142857142857142,0.1
167,3,1188.7564487904197,1,1,266,11.113984534103139,2.9473684210526314,0.5375939849624061,0.23557230611845645,0.6691729323308271,0.22180451127819548,0.10902255639097744
167,4,1501.0488354772258,1,1,246,10.93300766711411,2.9430894308943087,0.5447154471544715,0.2360424996351514,0.6707317073170732,0.22357723577235772,0.10569105691056911
168,1,884.217918297245,0,0,285,11.806173972366867,2.9087719298245616,0.5263157894736842,-0.144507385750543,0.7789473684210526,0.11929824561403508,0.10175438596491228
168,2,1011.9091154224686,0,0,293,11.899693194368128,2.8976109215017063,0.5119453924914675,-0.16904499509850263,0.7713310580204779,0.13310580204778158,0.09556313993174062
168,3,1134.8252636501275,0,1,277,11.813088495646957,2.895306859205776,0.5126353790613718,-0.14420995685907792,0.7617328519855595,0.1407942238267148,0.09747292418772563
168,4,1216.594747103676,0,1,298,11.742151053933995,2.966442953020134,0.5134228187919463,-0.1326923023857577,0.7416107382550335,0.15100671140939598,0.10738255033557047
169,1,868.4042157660217,1,0,130,11.52527671824381,3.1,0.5538461538461539,0.09726548599483913,0.6076923076923076,0.2230769230769231,0.16923076923076924
169,2,1258.6733652980506,1,0,130,11.28926153360757,3.1538461538461537,0.6,0.1325589347326028,0.6153846153846154,0.2230769230769231,0.16153846153846155
169,3,1522.1176688300693,1,1,129,11.448823789104724,3.2170542635658914,0.6124031007751938,0.08030274319064264,0.627906976744186,0.20930232558139536,0.16279069767441862
169,4,1321.49361807599,1,1,124,11.263465814423304,3.25,0.5967741935483871,-0.006438319262138204,0.6129032258064516,0.23387096774193547,0.1532258064516129
170,1,605.234245503834,1,0,273,12.515377490466882,2.989010989010989,0.4358974358974359,-0.6217190747526192,0.6813186813186813,0.12087912087912088,0.1978021978021978
170,2,890.3831592986503,1,0,304,12.285924488174096,2.986842105263158,0.4769736842105263,-0.48151611413892575,0.680921052631579,0.13815789473684212,0.18092105263157895
170,3,885.0302719097923,1,1,288,12.305804344121807,2.9791666666666665,0.4791666666666667,-0.4496868543840225,0.6770833333333334,0.125,0.19791666666666666
170,4,862.13302744954035,1,1,301,12.039921366192374,3.0398671096345513,0.4684385382059801,-0.40807158948317407,0.6744186046511628,0.12624584717607973,0.19933554817275748
171,1,795.5787002347024,1,0,628,11.759324383783412,2.8869426751592355,0.5493630573248408,-0.19054780597231674,0.5143312101910829,0.34554140127388533,0.14012738853503184
171,2,975.8887429785362,1,0,619,11.879551850933876,2.903069466882068,0.5444264943457189,-0.20765408053039577,0.5137318255250404,0.3408723747980614,0.14539579967689822
171,3,1113.9325899575715,1,1,562,11.939241575233051,2.907473309608541,0.5462633451957295,-0.17445540435361387,0.5213523131672598,0.33629893238434166,0.1423487544483986
171,4,1120.796884758115,1,1,623,12.011407821239592,2.958266452648475,0.5296950240770465,-0.17735093583328185,0.5184590690208668,0.3306581059390048,0.1508828250401284
172,1,746.9016550361913,0,0,306,11.33708699461932,2.950980392156863,0.5784313725490197,0.17043052851464754,0.6862745098039216,0.21895424836601307,0.09477124183006536
172,2,923.6260163960876,0,0,295,11.421243612726903,3.0440677966101695,0.5728813559322034,0.1443234176451907,0.6983050847457627,0.20677966101694914,0.09491525423728814
172,3,1286.5345277197814,0,1,297,11.495321827874237,3.0235690235690234,0.5420875420875421,0.06362871132141491,0.7003367003367004,0.20875420875420875,0.09090909090909091
172,4,1453.0426648917494,0,1,260,11.440851777276054,3.0307692307692307,0.5461538461538461,0.03844307143189966,0.6807692307692308,0.23076923076923078,0.08846153846153847
173,1,733.6525927151906,0,0,114,12.121178604406337,2.7982456140350878,0.5263157894736842,-0.40319246048584767,0.7017543859649122,0.14035087719298245,0.15789473684210525
173,2,719.504173439146,0,0,121,11.756241464140368,2.975206611570248,0.5454545454545454,-0.2825951975677582,0.6942148760330579,0.15702479338842976,0.1487603305785124
173,3,636.0560981208681,0,1,175,11.930321486390191,2.9657142857142857,0.5542857142857143,-0.25048867445322115,0.6971428571428572,0.1657142857142857,0.13714285714285715
173,4,1038.09237167903,0,1,174,11.962166562626726,2.925287356321839,0.5574712643678161,-0.2836762659772682,0.7068965517241379,0.1781609195402299,0.11494252873563218
174,1,601.9109669181638,0,0,172,12.106802805628604,3.0930232558139537,0.4069767441860465,-0.3799766156329056,0.5058139534883721,0.28488372093023256,0.20930232558139536
174,2,734.7464589084616,0,0,178,12.303090010333431,3.0280898876404496,0.4044943820224719,-0.34926389947851505,0.5168539325842697,0.28651685393258425,0.19662921348314608
174,3,979.5746763507278,0,1,172,12.113549470659734,3,0.4127906976744186,-0.3428404400914602,0.5,0.29651162790697677,0.20348837209302326
174,4,1190.362647281571,0,1,149,12.276255092768624,3.0201342281879193,0.4228187919463087,-0.2926948433800936,0.49664429530201343,0.30201342281879195,0.20134228187919462
175,1,654.1014603650349,0,0,111,11.089245629831842,3.2072072072072073,0.5675675675675675,0.06878633499075779,0.44144144144144143,0.46846846846846846,0.09009009009009009
175,2,842.2520414499043,0,0,132,11.095876667299565,3.265151515151515,0.5681818181818182,-0.035876585327835615,0.48484848484848486,0.4015151515151515,0.11363636363636363
175,3,1435.4005179340554,0,1,127,11.261051737874963,3.267716535433071,0.5826771653543307,0.020782724456588242,0.4645669291338583,0.4015748031496063,0.13385826771653545
175,4,1206.9182058628173,0,1,137,11.109765548693076,3.1605839416058394,0.6131386861313869,0.0678871121779172,0.46715328467153283,0.40145985401459855,0.13138686131386862
176,1,907.828822062527,0,0,301,10.995640941996287,2.9800664451827243,0.6312292358803987,0.3104424226024167,0.770764119601329,0.17940199335548174,0.04983388704318937
176,2,1178.1477212560092,0,0,289,11.033787530247785,2.916955017301038,0.6228373702422145,0.2732610009774129,0.754325259515571,0.19377162629757785,0.05190311418685121
176,3,1163.6919690296438,0,1,264,10.954383615657061,2.9356060606060606,0.5909090909090909,0.2987610903898494,0.7575757575757576,0.1893939393939394,0.05303030303030303
176,4,1218.5363932917546,0,1,263,11.127535377093412,2.961977186311787,0.5779467680608364,0.16635255004156416,0.7642585551330798,0.18631178707224336,0.049429657794676805
177,1,1079.7375614124105,1,0,435,11.300094125588885,3.1310344827586207,0.5885057471264368,0.1455642961674109,0.6804597701149425,0.2367816091954023,0.08275862068965517
177,2,1080.0211633226218,1,0,429,11.311419979572676,3.132867132867133,0.5827505827505828,0.15715739900437747,0.6783216783216783,0.23776223776223776,0.08391608391608392
177,3,1329.2512054825897,1,1,452,11.32806025208045,3.088495575221239,0.5707964601769911,0.17210866437835637,0.6769911504424779,0.2345132743362832,0.08849557522123894
177,4,1505.2195291597002,1,1,450,11.342455908718199,3.12,0.5466666666666666,0.1401251119783456,0.68,0.23777777777777778,0.08222222222222222
178,1,811.8175920282465,0,0,921,11.680739017398224,3.036916395222584,0.511400651465798,-0.12021477237225639,0.7633007600434311,0.15526601520086863,0.08143322475570032
178,2,949.1237674813277,0,0,990,11.835824526497865,3.0535353535353535,0.503030303030303,-0.15391985505146707,0.7686868686868686,0.15555555555555556,0.07575757575757576
178,3,1045.4929447808622,0,1,984,11.806347182087636,3.03760162601626,0.5050813008130082,-0.1601085991113595,0.7713414634146342,0.15345528455284552,0.07520325203252033
178,4,1280.1202648864225,0,1,940,11.888934095021124,3.0127659574468084,0.5031914893617021,-0.17696181313594087,0.7776595744680851,0.14574468085106382,0.07659574468085106
179,1,698.0720194222697,0,0,104,11.869594072821908,3.125,0.5480769230769231,-0.14615550603473684,0.375,0.4807692307692308,0.14423076923076922
179,2,788.4775302278249,0,0,131,11.043426973347177,3.045801526717557,0.5877862595419847,-0.06870511308360111,0.3511450381679389,0.5114503816793893,0.13740458015267176
179,3,1078.0757971099752,0,1,149,10.74038375006282,3.033557046979866,0.610738255033557,-0.09405017927769166,0.35570469798657717,0.5234899328859061,0.12080536912751678
179,4,1099.7470854941214,0,1,143,10.856231558744323,3.132867132867133,0.5944055944055944,-0.11084632937864082,0.36363636363636365,0.5174825174825175,0.11888111888111888
180,1,878.072684219744,0,0,146,11.309861085829146,3.089041095890411,0.6232876712328768,0.46030548407740635,0.8356164383561644,0.13013698630136986,0.03424657534246575
180,2,1184.4278270728678,0,0,159,11.29793555621039,2.9622641509433962,0.6352201257861635,0.44544717450434934,0.8176100628930818,0.14465408805031446,0.03773584905660377
180,3,1132.9001090439187,0,1,162,11.783006233294921,2.9691358024691357,0.6234567901234568,0.2118517204346567,0.8271604938271605,0.13580246913580246,0.037037037037037035
180,4,1421.3401080547299,0,1,157,11.746070404577754,2.961783439490446,0.6114649681528662,0.22660868066961584,0.821656050955414,0.14012738853503184,0.03821656050955414
181,1,711.9062124092512,0,0,504,11.168224548048755,3.2202380952380953,0.5218253968253969,1.3160992080869495e-4,0.8095238095238095,0.10714285714285714,0.08333333333333333
181,2,861.6130708879598,0,0,511,11.10166916544981,3.1800391389432487,0.5166340508806262,0.014360212028820287,0.8023483365949119,0.11154598825831702,0.08610567514677103
181,3,1188.3310075592892,0,1,527,11.149377556994962,3.159392789373814,0.5161290322580645,0.007005021938622872,0.7969639468690702,0.11385199240986717,0.08918406072106262
181,4,1248.3817874772283,0,1,501,11.21233040038368,3.1716566866267466,0.5169660678642715,-0.034921608729692535,0.7864271457085829,0.1157684630738523,0.09780439121756487
182,1,945.5623818527511,0,0,1057,11.173430071724871,2.9053926206244087,0.5789971617786187,0.2598718655430599,0.6130558183538316,0.18637653736991486,0.20056764427625354
182,2,1208.8355632149344,0,0,1037,11.267312309978792,2.888138862102218,0.5766634522661523,0.22028504683425726,0.609450337512054,0.18900675024108005,0.20154291224686596
182,3,1371.5552037732675,0,1,1078,11.278628733486222,2.933209647495362,0.5686456400742115,0.1804090399022239,0.6057513914656771,0.19387755102040816,0.20037105751391465
182,4,1454.2870163655134,0,1,1060,11.560651396098239,2.9849056603773585,0.5537735849056604,0.10757409782556958,0.6113207547169811,0.19339622641509435,0.19528301886792454
183,1,966.1096425166702,0,0,562,11.34427355772619,2.9377224199288254,0.5871886120996441,0.1641090269647911,0.7188612099644128,0.20106761565836298,0.0800711743772242
183,2,997.958119233231,0,0,553,11.289115092587839,2.9566003616636527,0.5768535262206148,0.13283799862894435,0.7106690777576854,0.20433996383363473,0.08499095840867993
183,3,1219.1178660340938,0,1,548,11.179533624413983,2.9416058394160585,0.5693430656934306,0.09366138184793854,0.7062043795620438,0.20437956204379562,0.08941605839416059
183,4,1481.2584571339085,0,1,488,11.205506015211311,3,0.5901639344262295,0.09812484913912893,0.6987704918032787,0.20081967213114754,0.10040983606557377
184,1,841.3457088937646,0,0,400,11.179443437673834,2.9825,0.555,0.21134636882661054,0.7525,0.135,0.1125
184,2,1124.4038733066034,0,0,394,11.176937082587141,2.9390862944162435,0.550761421319797,0.220861056850764,0.7639593908629442,0.12944162436548223,0.1065989847715736
184,3,1163.7053651303804,0,1,474,11.218094918126202,2.976793248945148,0.5548523206751055,0.16068390356210058,0.7637130801687764,0.12025316455696203,0.1160337552742616
184,4,1456.00242868388,0,1,462,11.268883806295133,2.945887445887446,0.5411255411255411,0.1728703383668739,0.7597402597402597,0.11904761904761904,0.12121212121212122
185,1,862.1597661231564,0,0,1309,11.350234894128226,2.9602750190985487,0.5370511841100076,0.08756862958973927,0.5614973262032086,0.3460656990068755,0.09243697478991597
185,2,1232.3776174697168,0,0,1387,11.514404485757845,2.9379956741167987,0.5407354001441961,0.05076636603548795,0.5710165825522711,0.34030281182408073,0.08868060562364816
185,3,1234.9454113154752,0,1,1361,11.472001124414914,2.9360764144011755,0.5334313005143277,0.027311125872609917,0.5679647318148421,0.3423952975753123,0.0896399706098457
185,4,1304.1512622081395,0,1,1324,11.518885309834163,2.945619335347432,0.5219033232628398,-0.0061007691037572335,0.5611782477341389,0.3474320241691843,0.09138972809667674
186,1,642.6418486827324,0,0,361,12.705317028632214,3.185595567867036,0.3988919667590028,-0.78825866386258725,0.6952908587257618,0.2188365650969529,0.08587257617728532
186,2,606.3987891000835,0,0,374,12.794979039568235,3.171122994652406,0.4385026737967914,-0.6953697883416032,0.6978609625668449,0.21657754010695188,0.0855614973262032
186,3,646.0914010530032,0,1,364,12.830508882794065,3.1868131868131866,0.45054945054945056,-0.6494825953516536,0.7005494505494505,0.21703296703296704,0.08241758241758242
186,4,880.3543894387116,0,1,362,12.906754279134617,3.1906077348066297,0.4558011049723757,-0.5943729377689972,0.6906077348066298,0.2265193370165746,0.08287292817679558
187,1,626.0935430683639,0,0,526,12.057179409070221,2.8422053231939164,0.4752851711026616,-0.3007403115616655,0.6330798479087453,0.21102661596958175,0.155893536121673
187,2,799.3988740797917,0,0,529,12.197290284954612,2.776937618147448,0.4669187145557656,-0.29049542905975917,0.6389413988657845,0.20415879017013233,0.15689981096408318
187,3,1094.7160804409525,0,1,508,12.149329014291073,2.7716535433070866,0.4645669291338583,-0.3254358179512641,0.6437007874015748,0.2047244094488189,0.1515748031496063
187,4,987.6083132780931,0,1,505,12.24087336813479,2.8396039603960395,0.4594059405940594,-0.3081672355565009,0.6415841584158416,0.21782178217821782,0.1405940594059406
188,1,671.6637534971466,0,0,775,11.718292386708447,2.8606451612903228,0.46838709677419355,-0.17710815078321643,0.7832258064516129,0.1329032258064516,0.08387096774193549
188,2,1061.2800535161493,0,0,734,11.655633156183148,2.8814713896457764,0.47547683923705725,-0.15005641547942608,0.7901907356948229,0.13215258855585832,0.0776566757493188
188,3,1050.084022441154,0,1,741,11.465884596441935,2.851551956815115,0.4939271255060729,-0.08382742125403704,0.7840755735492577,0.13090418353576247,0.08502024291497975
188,4,1062.9484100135753,0,1,741,11.563875852872936,2.8758434547908234,0.4925775978407557,-0.10980883862549018,0.7840755735492577,0.13765182186234817,0.07827260458839407
189,1,776.9046211788601,1,0,237,11.76996697366771,2.890295358649789,0.5021097046413502,0.10203668606412893,0.7848101265822784,0.11814345991561181,0.0970464135021097
189,2,1032.0442873579257,1,0,217,11.715712377846534,2.870967741935484,0.511520737327189,0.14623048210215125,0.783410138248848,0.1152073732718894,0.10138248847926268
189,3,1136.7526656425139,1,1,210,11.754048361423376,2.8904761904761904,0.4857142857142857,0.07406605750615039,0.7904761904761904,0.10476190476190476,0.10476190476190476
189,4,1261.899640474874,1,1,216,11.504323305211013,2.9583333333333335,0.4861111111111111,0.11925020324597695,0.7916666666666666,0.10185185185185185,0.10648148148148148
190,1,933.6452509730666,1,0,219,11.726951057696898,2.872146118721461,0.54337899543379,0.10373705757823423,0.5342465753424658,0.2146118721461187,0.2511415525114155
190,2,923.1235446496254,1,0,221,11.67711633432362,2.8733031674208145,0.5113122171945701,0.055499536277485564,0.5339366515837104,0.21266968325791855,0.25339366515837103
190,3,1078.2000150693211,1,1,220,11.72073742990934,2.918181818181818,0.5136363636363637,0.037593763841953474,0.5590909090909091,0.19090909090909092,0.25
190,4,1337.8514754045682,1,1,232,11.875165558927677,3.0129310344827585,0.5344827586206896,-0.03304465612466257,0.5560344827586207,0.20689655172413793,0.23706896551724138
191,1,1035.042467234813,0,0,280,11.055148402528443,2.9392857142857145,0.5892857142857143,0.2538863435937246,0.8464285714285714,0.12857142857142856,0.025
191,2,1096.7035185403183,0,0,281,11.146544194533737,2.9750889679715304,0.5800711743772242,0.22717965861464998,0.8576512455516014,0.1103202846975089,0.03202846975088968
191,3,1256.17910759119,0,1,282,10.988924561176459,2.99645390070922,0.5638297872340425,0.19077275693794488,0.8546099290780141,0.1099290780141844,0.03546099290780142
191,4,1506.53646230305,0,1,273,10.995710624966538,3.029304029304029,0.5347985347985348,0.10919473757567054,0.8681318681318682,0.09523809523809523,0.03663003663003663
192,1,900.0901937225011,1,0,659,11.4337309281081,2.949924127465857,0.5523520485584219,0.017118305341930692,0.7344461305007587,0.19271623672230653,0.07283763277693475
192,2,932.152269242196,1,0,615,11.471016226107905,2.988617886178862,0.5609756097560976,0.0076956304384549765,0.7398373983739838,0.1951219512195122,0.06504065040650407
192,3,1230.3530045346029,1,1,609,11.359428066225128,2.9983579638752054,0.5665024630541872,0.02041283378348547,0.7389162561576355,0.19376026272577998,0.06732348111658457
192,4,1240.441819991164,1,1,584,11.289955652265139,3.018835616438356,0.571917808219178,0.04545578394969732,0.7345890410958904,0.19863013698630136,0.06678082191780822
193,1,708.5667453177617,0,0,370,11.75275652682836,3.0081081081081082,0.5162162162162162,-0.034631387613379985,0.6594594594594595,0.24864864864864866,0.0918918918918919
193,2,967.4012491436305,0,0,366,11.717274111620558,2.980874316939891,0.5109289617486339,-0.02950806757687303,0.6612021857923497,0.24316939890710382,0.09562841530054644
193,3,1091.2238364823115,0,1,370,11.556327496957522,2.997297297297297,0.5324324324324324,0.003056105341889656,0.6702702702702703,0.24324324324324326,0.08648648648648649
193,4,1199.7305641138662,0,1,383,11.780299157805299,3.093994778067885,0.5404699738903395,0.02979000605509373,0.6684073107049608,0.23759791122715404,0.09399477806788512
194,1,685.4674285207284,1,0,307,11.481961553153106,3,0.501628664495114,-0.34810325819704924,0.8794788273615635,0.08794788273615635,0.03257328990228013
194,2,861.3009471752184,1,0,300,11.546326332809924,3,0.5066666666666667,-0.3372822181371819,0.88,0.08666666666666667,0.03333333333333333
194,3,970.6156966827538,1,1,316,11.572057634796893,3.0126582278481013,0.5063291139240507,-0.2953029574051386,0.8670886075949367,0.08860759493670886,0.04430379746835443
194,4,1108.6451109094187,1,1,368,11.54139211043759,2.869565217391304,0.49184782608695654,-0.31468698919108706,0.8940217391304348,0.07065217391304347,0.035326086956521736
195,1,973.9820330969288,0,0,1201,11.109093134793548,3.0249791840133224,0.5295587010824313,0.04348318173392279,0.5936719400499584,0.2622814321398834,0.1440466278101582
195,2,1073.6094725486366,0,0,1194,11.083567927654922,3.0268006700167502,0.535175879396985,0.07969121016098898,0.5971524288107203,0.26549413735343386,0.1373534338358459
195,3,1212.7860184284555,0,1,1255,11.221235872783119,3.002390438247012,0.5362549800796813,0.07192235805190313,0.5928286852589641,0.2661354581673307,0.14103585657370518
195,4,1283.5397548097887,0,1,1178,11.261466861961718,2.987266553480475,0.5314091680814941,0.024376918487776792,0.597623089983022,0.26570458404074704,0.1366723259762309
196,1,885.784918670623,1,0,1200,11.437810602308591,2.9433333333333334,0.5258333333333334,-0.02563299211798469,0.41083333333333333,0.43833333333333335,0.15083333333333335
196,2,1059.9322821792116,1,0,1156,11.387446529673197,2.961937716262976,0.5285467128027682,-0.005346283142188429,0.4134948096885813,0.43858131487889274,0.14792387543252594
196,3,1199.763790798088,1,1,1135,11.418277345190388,2.9559471365638768,0.5295154185022026,-0.051218811683446934,0.4211453744493392,0.44052863436123346,0.13832599118942732
196,4,1234.262401188125,1,1,1247,11.698925361418862,2.9847634322373695,0.5100240577385726,-0.18388895148205853,0.4081796311146752,0.4450681635926223,0.1467522052927025
197,1,1141.566713715999,1,0,265,10.86287971502272,2.8754716981132074,0.6641509433962264,0.49569104825311544,0.7886792452830189,0.15849056603773584,0.052830188679245285
197,2,1074.4670688370911,1,0,307,11.132278552085518,2.8697068403908794,0.6351791530944625,0.3059650234501059,0.8110749185667753,0.14332247557003258,0.04560260586319218
197,3,1263.3839273567712,1,1,297,11.240742515664907,2.8956228956228958,0.6262626262626263,0.28838648944544504,0.8114478114478114,0.1447811447811448,0.04377104377104377
197,4,1447.347797420026,1,1,278,11.153900583983626,2.920863309352518,0.6294964028776978,0.27066092013771303,0.8057553956834532,0.1474820143884892,0.046762589928057555
198,1,851.8095801551425,1,0,417,11.618738845773525,2.904076738609113,0.4364508393285372,-0.14960112708809564,0.894484412470024,0.05515587529976019,0.050359712230215826
198,2,761.7300124359855,1,0,387,11.550257746689066,2.883720930232558,0.42377260981912146,-0.14007343467032893,0.8837209302325582,0.06201550387596899,0.05426356589147287
198,3,1065.8110685239,1,1,392,11.643468702422844,2.9005102040816326,0.413265306122449,-0.1906077388887229,0.8954081632653061,0.05612244897959184,0.04846938775510204
198,4,994.1030640356701,1,1,371,11.71734585978202,2.9595687331536387,0.40161725067385445,-0.18623859342777205,0.8921832884097035,0.05660377358490566,0.05121293800539083
199,1,682.5710909931229,1,0,443,12.500456932527966,2.9480812641083523,0.3747178329571106,-0.5956127252627474,0.7990970654627539,0.1038374717832957,0.09706546275395034
199,2,789.1751829125508,1,0,441,12.414430742811476,3,0.3968253968253968,-0.5601269773377766,0.7981859410430839,0.10430839002267574,0.09750566893424037
199,3,838.3435966294151,1,1,404,12.392724998760475,2.99009900990099,0.40594059405940597,-0.525683411760936,0.801980198019802,0.10148514851485149,0.09653465346534654
199,4,979.4817962881715,1,1,434,12.127154328144295,2.9608294930875574,0.4078341013824885,-0.4739800456398095,0.7995391705069125,0.10138248847926268,0.09907834101382489
200,1,798.6414303423109,0,0,586,11.706396388702514,2.885665529010239,0.515358361774744,-0.2545565598144722,0.7252559726962458,0.14334470989761092,0.13139931740614336
200,2,881.1361376990791,0,0,558,11.768844637747241,2.869175627240143,0.525089605734767,-0.2383608500515646,0.7168458781362007,0.15232974910394265,0.13082437275985664
200,3,1147.251755881196,0,1,552,11.83027833414586,2.847826086956522,0.5217391304347826,-0.24542146479632138,0.7010869565217391,0.16304347826086957,0.1358695652173913
200,4,1060.2348461433894,0,1,562,12.005088580882674,2.8594306049822062,0.5213523131672598,-0.2540140437698064,0.701067615658363,0.16370106761565836,0.13523131672597866
201,1,698.8178385480775,0,0,236,10.82529256160997,2.940677966101695,0.5635593220338984,0.27919271651896127,0.559322033898305,0.3008474576271186,0.13983050847457626
201,2,1041.2944171974295,0,0,221,10.812273105563618,2.923076923076923,0.5656108597285068,0.2781698529967097,0.5339366515837104,0.334841628959276,0.13122171945701358
201,3,1231.554991552321,0,1,220,10.89758703610838,2.940909090909091,0.5636363636363636,0.25064414557178716,0.5272727272727272,0.32727272727272727,0.14545454545454545
201,4,1652.7119818451365,0,1,231,10.846212177344357,2.9220779220779223,0.5844155844155844,0.2505662549286175,0.5411255411255411,0.30735930735930733,0.15151515151515152
202,1,948.0914460619456,0,0,679,11.021117558107202,2.9410898379970547,0.593519882179676,0.21642686632698424,0.7142857142857143,0.203240058910162,0.08247422680412371
202,2,1179.9098781325642,0,0,668,11.148216823429916,2.967065868263473,0.5973053892215568,0.2241055907751853,0.7065868263473054,0.2125748502994012,0.08083832335329341
202,3,1282.3636114989101,0,1,666,11.216707232579601,3.003003003003003,0.5840840840840841,0.1698266386844556,0.7192192192192193,0.1966966966966967,0.08408408408408409
202,4,1314.3207051437141,0,1,654,11.347473829523675,3.05045871559633,0.5688073394495413,0.12055319421036659,0.7232415902140673,0.19418960244648317,0.08256880733944955
203,1,986.0376482795418,1,0,174,11.105391439751585,2.9597701149425286,0.6091954022988506,0.21784547008673896,0.7931034482758621,0.14942528735632185,0.05747126436781609
203,2,1389.6252965525503,1,0,186,11.3744228836586,2.978494623655914,0.5860215053763441,0.09682645722074508,0.7634408602150538,0.16129032258064516,0.07526881720430108
203,3,1362.5698067978956,1,1,174,11.336670889171582,2.9770114942528734,0.5804597701149425,0.059633458503660405,0.7873563218390804,0.14942528735632185,0.06321839080459771
203,4,1327.4928269617146,1,1,226,11.879721589572052,2.915929203539823,0.5221238938053098,-0.0934036503927254,0.7876106194690266,0.14601769911504425,0.06637168141592921
204,1,999.753698828879,0,0,325,10.228669972060656,3.1323076923076925,0.5876923076923077,0.33643050332368474,0.7476923076923077,0.10153846153846154,0.15076923076923077
204,2,1078.700193339664,0,0,314,10.628264325507258,3.073248407643312,0.5668789808917197,0.27159052710009896,0.7356687898089171,0.10509554140127389,0.1592356687898089
204,3,1328.204584268247,0,1,311,10.793526496318965,3.0385852090032155,0.5659163987138264,0.16422535355784174,0.7363344051446945,0.10932475884244373,0.15434083601286175
204,4,1373.5410580224786,0,1,368,11.10601196979579,2.9510869565217392,0.5570652173913043,0.001163802049044418,0.7445652173913043,0.11413043478260869,0.14130434782608695
205,1,827.6743802981374,0,0,1804,11.262816669507064,2.9595343680709534,0.5825942350332595,0.20048589597114422,0.6840354767184036,0.18514412416851442,0.13082039911308205
205,2,1184.9267603072317,0,0,1799,11.19152631701966,2.9288493607559754,0.5803224013340745,0.19779155572576052,0.6864924958310172,0.18065591995553085,0.13285158421345192
205,3,1364.2778258925446,0,1,1824,11.289397763788571,2.9517543859649122,0.5756578947368421,0.15395111109171514,0.6825657894736842,0.18475877192982457,0.13267543859649122
205,4,1483.841916686513,0,1,1874,11.329645297434803,2.970651013874066,0.5731056563500534,0.14222074435420332,0.6782283884738527,0.18729989327641408,0.1344717182497332
206,1,973.992574405611,1,0,308,11.116953407547893,2.9415584415584415,0.6006493506493507,0.16517863735386923,0.6558441558441559,0.18831168831168832,0.15584415584415584
206,2,1352.0365959753635,1,0,306,11.206908305211053,2.9640522875816995,0.6078431372549019,0.18189648936947658,0.6437908496732027,0.19607843137254902,0.16013071895424835
206,3,1254.333208138341,1,1,310,11.24618593786835,2.9741935483870967,0.6064516129032258,0.19162690776240843,0.6612903225806451,0.18387096774193548,0.15483870967741936
206,4,1389.8451602133985,1,1,342,11.507348908116208,3.087719298245614,0.6052631578947368,0.09792109185374494,0.6929824561403509,0.15789473684210525,0.14912280701754385
207,1,754.319275435508,0,0,1200,11.418354786431534,3.0458333333333334,0.5008333333333334,-0.053446767160833415,0.6908333333333333,0.21416666666666667,0.095
207,2,985.8619332114447,0,0,1219,11.415887921914202,3.015586546349467,0.5004101722723544,-0.05418711644621782,0.689909762100082,0.21739130434782608,0.09269893355209188
207,3,1148.108726112991,0,1,1228,11.397228771122467,3.0301302931596092,0.508957654723127,-0.0395307220973833,0.6856677524429967,0.22394136807817588,0.09039087947882736
207,4,1319.6945767276345,0,1,1169,11.366737756613562,3.0230966638152266,0.5209580838323353,-0.01796523548158912,0.6911890504704876,0.21984602224123181,0.08896492728828058
208,1,714.3430394505363,1,0,148,12.229645787832427,2.925675675675676,0.4864864864864865,-0.25236783884850233,0.9256756756756757,0.05405405405405406,0.02027027027027027
208,2,676.0046911169187,1,0,166,11.925821277182907,2.9156626506024095,0.5240963855421686,-0.23081434258589864,0.9156626506024096,0.06626506024096386,0.018072289156626505
208,3,1197.3722971187863,1,1,160,12.038344659894339,2.9125,0.51875,-0.20259907294991036,0.93125,0.0625,0.00625
208,4,1052.9489093690734,1,1,157,12.06964539298789,2.8662420382165603,0.5222929936305732,-0.16648108558912833,0.9171974522292994,0.07006369426751592,0.012738853503184714
209,1,817.3379143278046,0,0,455,11.74632344876684,3.1142857142857143,0.5406593406593406,-0.014052226270488334,0.7802197802197802,0.13186813186813187,0.08791208791208792
209,2,1049.2580677422525,0,0,431,11.605642481864328,3.0788863109048723,0.5475638051044084,0.02718275770650333,0.7749419953596288,0.1368909512761021,0.08816705336426914
209,3,1246.9312368497363,0,1,387,11.6093739692269,3.062015503875969,0.5555555555555556,0.029160592210248377,0.7777777777777778,0.1343669250645995,0.08785529715762273
209,4,1444.8686350626929,0,1,412,11.49001035922237,3.0946601941747574,0.5436893203883495,0.04597475923601789,0.7864077669902912,0.12864077669902912,0.08495145631067962
210,1,730.1900755040384,1,0,292,11.962393059315824,3.208904109589041,0.4691780821917808,-0.3792529510120902,0.6746575342465754,0.20205479452054795,0.1232876712328767
210,2,874.9579473868096,1,0,279,11.835075032632469,3.161290322580645,0.46953405017921146,-0.3354184541775533,0.6666666666666666,0.1971326164874552,0.13620071684587814
210,3,852.8430595662797,1,1,275,11.845017215593126,3.112727272727273,0.46545454545454545,-0.31988923751739506,0.6545454545454545,0.20727272727272728,0.13818181818181818
210,4,967.5402440221214,1,1,263,11.468242473067647,3.0570342205323193,0.45627376425855515,-0.3104892288488804,0.6539923954372624,0.22053231939163498,0.12547528517110265
211,1,838.7659821290972,1,0,676,11.366892183630515,2.9437869822485205,0.5680473372781065,0.1005126962105308,0.6849112426035503,0.22928994082840237,0.08579881656804733
211,2,1076.0432887001643,1,0,674,11.452962306455992,2.9658753709198815,0.56973293768546,0.10337258534586659,0.6780415430267063,0.23590504451038577,0.08605341246290801
211,3,1206.2904464313654,1,1,733,11.699773396986775,2.95225102319236,0.5525238744884038,0.05477701885752225,0.6780354706684857,0.23192360163710776,0.09004092769440655
211,4,1227.9102019133852,1,1,739,11.806130003156872,2.9269282814614344,0.5385656292286874,-7.628193665813773e-4,0.6847090663058186,0.2273342354533153,0.08795669824086604
212,1,642.1031150921093,1,0,182,11.180513343795129,3.032967032967033,0.554945054945055,0.23507800011372584,0.489010989010989,0.4010989010989011,0.10989010989010989
212,2,870.1700581109432,1,0,188,11.160904090907984,3,0.5425531914893617,0.2502700218974137,0.48404255319148937,0.39893617021276595,0.11702127659574468
212,3,1097.8920331840916,1,1,183,11.30980246893551,3.0655737704918034,0.5191256830601093,0.19023931334581498,0.45901639344262296,0.3989071038251366,0.14207650273224043
212,4,1289.2032103393753,1,1,166,11.253602180237513,3.13855421686747,0.5120481927710844,0.19895197331016296,0.4759036144578313,0.37349397590361444,0.15060240963855423
213,1,701.4934195225389,0,0,308,11.038746090883551,2.75974025974026,0.4805194805194805,0.13158829748695003,0.6298701298701299,0.2662337662337662,0.1038961038961039
213,2,1159.1128086798285,0,0,292,11.025221526339255,2.7773972602739727,0.4623287671232877,0.1278711532658222,0.6472602739726028,0.2534246575342466,0.09931506849315068
213,3,1101.7785815561315,0,1,280,10.914266565683748,2.7464285714285714,0.46785714285714286,0.12183249442994913,0.625,0.26785714285714285,0.10714285714285714
213,4,1300.3678021195167,0,1,301,10.850845156134119,2.8504983388704317,0.4717607973421927,0.11766308075748906,0.6146179401993356,0.2757475083056478,0.10963455149501661
214,1,838.825703305126,0,0,950,11.06914337516723,3.0494736842105263,0.5610526315789474,0.17396408697727747,0.5557894736842105,0.21263157894736842,0.23157894736842105
214,2,1134.0300643367655,0,0,920,11.15605060659119,3.0739130434782607,0.5510869565217391,0.16427188867088321,0.5467391304347826,0.21630434782608696,0.23695652173913043
214,3,1428.604049324218,0,1,902,11.226474141205737,3.0399113082039912,0.5465631929046563,0.13660369499836278,0.5465631929046563,0.21507760532150777,0.23835920177383593
214,4,1426.2070220996297,0,1,907,11.368028809005589,3.022050716648291,0.5270121278941565,0.0719755482154346,0.5303197353914002,0.2348401323042999,0.2348401323042999
215,1,1121.2365161232117,0,0,821,10.732170775390005,2.9427527405602922,0.6199756394640682,0.47303606788188557,0.6516443361753959,0.22289890377588306,0.12545676004872108
215,2,1281.5695434779861,0,0,893,10.81399488536582,2.93505039193729,0.6114221724524076,0.4479030280228342,0.6517357222844344,0.2206047032474804,0.1276595744680851
215,3,1637.4349577326193,0,1,866,10.912784219637677,2.9168591224018474,0.5912240184757506,0.39933828281274253,0.6547344110854504,0.21824480369515012,0.12702078521939955
215,4,1606.113671141492,0,1,880,10.949891369853917,2.9420454545454544,0.5818181818181818,0.3087116200547744,0.6556818181818181,0.22045454545454546,0.12386363636363637
216,1,785.5197409746129,0,0,362,11.563244853000713,3.0082872928176796,0.505524861878453,0.11489882859895201,0.580110497237569,0.3370165745856354,0.08287292817679558
216,2,941.3320035263073,0,0,337,11.60419062529004,2.940652818991098,0.4896142433234421,0.11431772305298711,0.5727002967359051,0.34124629080118696,0.08605341246290801
216,3,1020.3295858455854,0,1,336,11.505409898904569,2.863095238095238,0.5,0.0599289057708557,0.6011904761904762,0.31845238095238093,0.08035714285714286
216,4,1069.4986161887223,0,1,325,11.436063821468524,2.8953846153846152,0.5107692307692308,0.05491334750952271,0.5784615384615385,0.3353846153846154,0.08615384615384615
217,1,677.8030817324087,1,0,280,11.489362048764955,3.0607142857142855,0.5892857142857143,0.2783050602274154,0.8714285714285714,0.08928571428571429,0.039285714285714285
217,2,1058.1851039446412,1,0,303,11.547286654375345,2.963696369636964,0.5973597359735974,0.2525173769802933,0.8844884488448845,0.07590759075907591,0.039603960396039604
217,3,1018.191026893103,1,1,290,11.660211504881365,3.003448275862069,0.5896551724137931,0.19892207262288056,0.8827586206896552,0.07931034482758621,0.03793103448275862
217,4,1404.8625076311544,1,1,284,11.579986273326435,2.9683098591549295,0.5915492957746479,0.2330833709537919,0.8802816901408451,0.08098591549295775,0.03873239436619718
218,1,694.0375491908881,0,0,539,11.435516371427289,2.9758812615955472,0.5250463821892394,0.10897219288090006,0.6790352504638218,0.2523191094619666,0.0686456400742115
218,2,1076.2556953940175,0,0,538,11.579082013259226,2.9814126394052045,0.5092936802973977,0.030681548373234085,0.671003717472119,0.26022304832713755,0.0687732342007435
218,3,1378.6483881920494,0,1,567,11.58037250892199,2.9717813051146384,0.5149911816578483,-0.012819512530296012,0.6649029982363316,0.26807760141093473,0.06701940035273368
218,4,1199.9083565822089,0,1,519,11.601721365906148,2.996146435452794,0.5028901734104047,-0.02898236293745679,0.6628131021194605,0.27552986512524086,0.06165703275529865
219,1,762.1790766824589,0,0,378,11.787974546122078,3.0899470899470898,0.4708994708994709,-0.2397120712449022,0.6878306878306878,0.1402116402116402,0.17195767195767195
219,2,887.2069132434561,0,0,411,11.807467807631502,3.099756690997567,0.4720194647201946,-0.21054066718740896,0.7007299270072993,0.13138686131386862,0.1678832116788321
219,3,1040.6394710976583,0,1,529,11.676451331723511,3.047258979206049,0.4782608695652174,-0.19594001652535986,0.718336483931947,0.11720226843100189,0.16446124763705103
219,4,1113.2446517375047,0,1,514,11.640477059191365,2.9941634241245136,0.49416342412451364,-0.15703745077506545,0.7178988326848249,0.11673151750972763,0.16536964980544747
220,1,883.460693144152,1,0,865,11.344053130566408,2.9791907514450866,0.5341040462427745,0.1785408222131189,0.5838150289017341,0.2566473988439306,0.15953757225433526
220,2,970.7524911882216,1,0,968,11.447872626854716,3.009297520661157,0.5413223140495868,0.16071762779051552,0.5909090909090909,0.2603305785123967,0.1487603305785124
220,3,1167.3220917065823,1,1,944,11.474548006955771,3.0052966101694913,0.5201271186440678,0.09983713392961967,0.597457627118644,0.2542372881355932,0.1483050847457627
220,4,1373.8270183642617,1,1,934,11.43265193750956,2.9882226980728053,0.5299785867237687,0.10099829018388168,0.5867237687366167,0.2569593147751606,0.15631691648822268
221,1,1017.3152631497987,0,0,410,12.143108820995312,2.978048780487805,0.5024390243902439,-0.06785924332201504,0.7195121951219512,0.21707317073170732,0.06341463414634146
221,2,982.1430905709215,0,0,479,11.96296159578788,2.997912317327766,0.4906054279749478,-0.07200263963510349,0.7348643006263048,0.19832985386221294,0.06680584551148225
221,3,1076.0664179319094,0,1,466,12.09500787061073,3.0107296137339055,0.48283261802575106,-0.10186049037262937,0.7081545064377682,0.2167381974248927,0.07510729613733906
221,4,1302.3701926592998,0,1,435,12.062369711884923,3.0298850574712644,0.4850574712643678,-0.07593252004889907,0.6988505747126437,0.2206896551724138,0.08045977011494253
222,1,905.0451278292537,1,0,842,11.064691034410508,2.9346793349168645,0.5914489311163895,0.29600092166588865,0.49406175771971494,0.3847980997624703,0.12114014251781473
222,2,1106.9650439115558,1,0,880,11.040988820449861,2.9465909090909093,0.5897727272727272,0.3264998956886473,0.4909090909090909,0.38977272727272727,0.11931818181818182
222,3,1381.4990001674294,1,1,864,11.032312166771382,2.923611111111111,0.5960648148148148,0.3176076510470657,0.49421296296296297,0.3888888888888889,0.11689814814814815
222,4,1636.4815924870934,1,1,843,11.139032328970933,2.9644128113879002,0.5895610913404508,0.2961198075923299,0.4958481613285884,0.38552787663107946,0.11862396204033215
223,1,1197.1292173059749,0,0,361,10.732061013504637,2.880886426592798,0.6869806094182825,0.44406948349884773,0.6759002770083102,0.24376731301939059,0.08033240997229917
223,2,1439.5838586783395,0,0,433,11.34615534250357,2.935334872979215,0.6327944572748267,0.21961866543459985,0.6720554272517321,0.24018475750577367,0.08775981524249422
223,3,1368.6098640005098,0,1,449,11.418642774305452,2.928730512249443,0.6013363028953229,0.15538354202364354,0.6726057906458798,0.23608017817371937,0.09131403118040089
223,4,1646.5736217221142,0,1,456,11.498609021019845,2.9780701754385963,0.5833333333333334,0.11054757506230162,0.6666666666666666,0.23903508771929824,0.09429824561403509
224,1,898.5045510459288,0,0,865,11.378041401068176,3.0034682080924857,0.5595375722543353,0.0655921858581948,0.6011560693641619,0.26705202312138726,0.13179190751445086
224,2,1241.8848731343792,0,0,828,11.393006763143095,2.9794685990338166,0.5664251207729468,0.045711041267638815,0.6111111111111112,0.2572463768115942,0.1316425120772947
224,3,1245.934978519934,0,1,872,11.325598732282536,3.0194954128440368,0.5688073394495413,0.0596832644076486,0.6032110091743119,0.25688073394495414,0.13990825688073394
224,4,1309.1414600358894,0,1,878,11.450631893242964,3.0136674259681095,0.5580865603644647,0.027964910113398828,0.6070615034168565,0.2528473804100228,0.14009111617312073
225,1,972.6834098693841,1,0,617,11.388521438577115,2.907617504051864,0.5591572123176661,0.22548029195056152,0.6758508914100486,0.24311183144246354,0.08103727714748785
225,2,1121.642734006108,1,0,609,11.398004277331209,2.9326765188834156,0.5632183908045977,0.1827611071072981,0.6748768472906403,0.24958949096880131,0.0755336617405583
225,3,1291.9857526965675,1,1,616,11.527933007082423,2.905844155844156,0.551948051948052,0.1460467481253196,0.6688311688311688,0.2597402597402597,0.07142857142857142
225,4,1355.6388636543334,1,1,646,11.534138593229533,2.8777089783281733,0.5464396284829721,0.13747169366878273,0.6594427244582043,0.26160990712074306,0.07894736842105263
226,1,908.2035784111255,0,0,3724,11.195409027801986,3.0136949516648763,0.5738453276047261,0.17696545357261753,0.7462406015037594,0.1855531686358754,0.0682062298603652
226,2,1150.3456654110066,0,0,3701,11.249455285451937,3.0016211834639286,0.570386382058903,0.14101267596249314,0.7462847878951635,0.18319373142393947,0.07052148068089706
226,3,1288.830888416977,0,1,3550,11.252788412269048,2.9940845070422535,0.5687323943661972,0.14526106740176978,0.7430985915492958,0.18563380281690142,0.07126760563380281
226,4,1443.7525671584056,0,1,3397,11.27464811319803,2.989402413894613,0.5663821018545776,0.13348116393389262,0.7427141595525464,0.1831027377097439,0.07418310273770974
227,1,1104.6927894600012,1,0,273,11.132841902846154,2.967032967032967,0.5457875457875457,0.1757612795460558,0.6227106227106227,0.2857142857142857,0.09157509157509157
227,2,1518.1859234347219,1,0,261,11.203610200542483,2.9885057471264367,0.5708812260536399,0.2128474871500186,0.6436781609195402,0.26053639846743293,0.09578544061302682
227,3,1257.9650522324232,1,1,258,11.076156428385715,2.9767441860465116,0.562015503875969,0.19293170750882904,0.6356589147286822,0.28294573643410853,0.08139534883720931
227,4,1393.9907666394133,1,1,259,11.162145537219965,3.0386100386100385,0.5482625482625483,0.1464769886712061,0.6447876447876448,0.277992277992278,0.07722007722007722
228,1,838.8320446353083,0,0,194,11.652246759702866,2.9896907216494846,0.6030927835051546,0.49360513652601423,0.6907216494845361,0.17525773195876287,0.13402061855670103
228,2,1083.3773561320672,0,0,205,11.47960446477641,2.9853658536585366,0.5707317073170731,0.38173979734169183,0.6878048780487804,0.17560975609756097,0.13658536585365855
228,3,1149.5238190874556,0,1,221,11.282885930465136,3.072398190045249,0.5656108597285068,0.2647363603975609,0.6832579185520362,0.18552036199095023,0.13122171945701358
228,4,1530.2290488989572,0,1,201,11.455453796521095,3.044776119402985,0.5572139303482587,0.27000403931364503,0.6865671641791045,0.19900497512437812,0.11442786069651742
229,1,830.0094960774119,0,0,1372,11.824474775865005,3.001457725947522,0.5349854227405247,-0.0892018708060084,0.6501457725947521,0.260932944606414,0.08892128279883382
229,2,1046.286351149941,0,0,1363,11.744771872510828,3.011738811445341,0.5304475421863536,-0.07511406825764742,0.6537050623624358,0.2582538517975055,0.0880410858400587
229,3,1195.0336889825994,0,1,1380,11.68821741528872,3.0188405797101447,0.5362318840579711,-0.07445785281959386,0.6630434782608695,0.25072463768115943,0.08623188405797101
229,4,1317.638157974768,0,1,1400,11.694916541107998,2.972142857142857,0.5192857142857142,-0.082963426389979,0.6528571428571428,0.2542857142857143,0.09285714285714286
230,1,881.2827176271568,0,0,354,11.766807385179296,3.005649717514124,0.559322033898305,0.039670737644778555,0.6949152542372882,0.2740112994350282,0.031073446327683617
230,2,1032.3647468683237,0,0,360,11.734445684422806,2.988888888888889,0.5388888888888889,-0.007865162777943859,0.6805555555555556,0.28055555555555556,0.03888888888888889
230,3,1115.3312367100607,0,1,364,11.842504177313417,3.008241758241758,0.5274725274725275,-0.053349553646569736,0.6675824175824175,0.29395604395604397,0.038461538461538464
230,4,1340.357392300457,0,1,364,11.983871520474478,2.978021978021978,0.5274725274725275,-0.08028923090438654,0.6648351648351648,0.29395604395604397,0.04120879120879121
231,1,857.4445141971827,0,0,466,11.28504720813977,2.9742489270386265,0.5300429184549357,0.21571520652927934,0.5407725321888412,0.2918454935622318,0.16738197424892703
231,2,1353.8039620677898,0,0,464,11.316755616910973,2.9870689655172415,0.5237068965517241,0.2244376372360339,0.5452586206896551,0.28879310344827586,0.16594827586206898
231,3,1557.0807977367049,0,1,475,11.322436407188066,2.9789473684210526,0.5157894736842106,0.16818747090936279,0.5536842105263158,0.2926315789473684,0.15368421052631578
231,4,1619.282544132748,0,1,462,11.308142295752706,2.948051948051948,0.5216450216450217,0.1997426102604093,0.5670995670995671,0.2792207792207792,0.15367965367965367
232,1,839.0819294976365,1,0,843,11.260152893783548,2.940688018979834,0.5527876631079478,0.2173615569026584,0.7829181494661922,0.099644128113879,0.11743772241992882
232,2,1037.1215796686254,1,0,843,11.342141709500842,2.9489916963226572,0.5492289442467378,0.19249614713207105,0.7841043890865955,0.09845788849347568,0.11743772241992882
232,3,1315.1848273594355,1,1,866,11.371066265716046,2.9884526558891453,0.5496535796766744,0.19021944478834876,0.7806004618937644,0.10161662817551963,0.11778290993071594
232,4,1508.2463690624443,1,1,895,11.382537837914974,2.946368715083799,0.5486033519553073,0.12683326953590787,0.7854748603351955,0.09385474860335195,0.12067039106145251
233,1,782.7008954357224,0,0,587,11.320288713888118,2.96763202725724,0.5315161839863713,0.06272772756141143,0.768313458262351,0.18568994889267462,0.04599659284497445
233,2,958.8053795434305,0,0,562,11.428041336068567,2.907473309608541,0.5231316725978647,0.0011498822451049217,0.7633451957295374,0.19395017793594305,0.042704626334519574
233,3,1065.3203702081819,0,1,549,11.415796416016448,2.9581056466302367,0.5209471766848816,-1.1774835572626226e-5,0.7668488160291439,0.1930783242258652,0.04007285974499089
233,4,1240.5685439895483,0,1,559,11.48538631764894,2.9445438282647585,0.5116279069767442,-0.03750302277398579,0.7656529516994633,0.18783542039355994,0.046511627906976744
234,1,946.2795256566889,0,0,226,11.453367499699318,3.1548672566371683,0.588495575221239,0.1108059710129192,0.6415929203539823,0.26991150442477874,0.08849557522123894
234,2,950.819989285709,0,0,221,11.799726693353128,3.1085972850678734,0.579185520361991,0.04410142134487446,0.6199095022624435,0.2895927601809955,0.09049773755656108
234,3,1137.295575870676,0,1,213,11.85458468595034,3.1502347417840375,0.5821596244131455,0.0245407730659887,0.6197183098591549,0.2863849765258216,0.09389671361502347
234,4,1327.163988629673,0,1,207,12.119929739200721,3.130434782608696,0.5942028985507246,0.012028982346262566,0.6280193236714976,0.27053140096618356,0.10144927536231885
235,1,714.6563040315361,1,0,513,11.97372809212592,2.9298245614035086,0.4697855750487329,-0.3168238079828733,0.9259259259259259,0.042884990253411304,0.031189083820662766
235,2,958.7485223460437,1,0,506,11.896384099491188,2.974308300395257,0.48616600790513836,-0.2459696625294992,0.924901185770751,0.043478260869565216,0.03162055335968379
235,3,1177.2953783240428,1,1,495,11.960819203624864,2.985858585858586,0.4686868686868687,-0.2816864733974454,0.9272727272727272,0.04242424242424243,0.030303030303030304
235,4,1273.7614270721185,1,1,493,11.997846299762683,2.977687626774848,0.4969574036511156,-0.24757521681365532,0.9290060851926978,0.04462474645030426,0.02636916835699797
236,1,1062.1355098008264,0,0,549,11.40273628138464,2.939890710382514,0.5482695810564663,0.05144286916869586,0.6575591985428051,0.1366120218579235,0.2058287795992714
236,2,1000.1517718118189,0,0,520,11.396477965822973,2.8846153846153846,0.5442307692307692,0.06716225030674658,0.6538461538461539,0.13653846153846153,0.20961538461538462
236,3,1309.1865623453293,0,1,523,11.53125530656011,2.881453154875717,0.5602294455066922,0.060621060195580424,0.6424474187380497,0.13575525812619502,0.22179732313575526
236,4,1327.9508559386936,0,1,511,11.465136759301776,2.892367906066536,0.547945205479452,0.030029035247266463,0.6340508806262231,0.14481409001956946,0.22113502935420742
237,1,1041.4092085825173,1,0,385,11.343597761772418,3.0415584415584416,0.5792207792207792,0.11675012996312832,0.7844155844155845,0.16623376623376623,0.04935064935064935
237,2,1072.0044195680448,1,0,414,11.326408378757995,3.031400966183575,0.5652173913043478,0.11524819516983494,0.7995169082125604,0.15458937198067632,0.04589371980676329
237,3,1678.0519594819657,1,1,414,11.447336017397175,2.9879227053140096,0.5458937198067633,0.10503492569044988,0.7946859903381642,0.15217391304347827,0.05314009661835749
237,4,1314.0195752187594,1,1,372,11.575282981410858,3.0161290322580645,0.532258064516129,0.09368256472829195,0.8010752688172043,0.1478494623655914,0.051075268817204304
238,1,871.3027160947805,1,0,344,11.349939423189808,2.9651162790697674,0.5726744186046512,0.19301888162981834,0.9186046511627907,0.04941860465116279,0.03197674418604651
238,2,1329.583439832606,1,0,334,11.379164614488625,2.9161676646706587,0.5568862275449101,0.18989783929811133,0.9191616766467066,0.05089820359281437,0.029940119760479042
238,3,1421.1247598982497,1,1,349,11.463832981887606,2.8825214899713467,0.5530085959885387,0.12091739096388486,0.9111747851002865,0.054441260744985676,0.034383954154727794
238,4,1330.1621209933876,1,1,375,11.488596927985405,2.8906666666666667,0.528,-0.013772778609147307,0.8906666666666667,0.072,0.037333333333333336
239,1,943.408568406527,1,0,172,11.231470224170119,3.0697674418604652,0.6453488372093024,0.07977969846470677,0.8372093023255814,0.0755813953488372,0.0872093023255814
239,2,1540.9326015353822,1,0,161,11.349482046712374,3.130434782608696,0.6273291925465838,-0.00163010145595453,0.8509316770186336,0.055900621118012424,0.09316770186335403
239,3,1595.958878423645,1,1,155,11.286037298682112,3.161290322580645,0.6129032258064516,-0.06346369231755714,0.832258064516129,0.07096774193548387,0.0967741935483871
239,4,1248.291914046177,1,1,146,11.07730895843658,3.089041095890411,0.6027397260273972,-0.1367823130614723,0.8082191780821918,0.08904109589041095,0.10273972602739725
240,1,827.6301058236679,1,0,797,11.197270626580348,2.9134253450439145,0.5633626097867002,0.21031184279766355,0.7076537013801757,0.1932245922208281,0.09912170639899624
240,2,1013.3716724300791,1,0,842,11.583237153471844,2.888361045130641,0.5285035629453682,0.02781936693783014,0.7125890736342043,0.19002375296912113,0.09738717339667459
240,3,1210.6574402863068,1,1,814,11.628547901788547,2.885749385749386,0.5294840294840295,-0.0076201756536500714,0.7174447174447175,0.1855036855036855,0.09705159705159705
240,4,1330.2596577036209,1,1,821,11.718349490578287,2.9220462850182702,0.5091352009744214,-0.07551234437389635,0.7222898903775883,0.18026796589524968,0.09744214372716199
241,1,881.3237121659379,0,0,77,12.522387367070646,2.6103896103896105,0.5714285714285714,-0.031397873345579724,0.7272727272727273,0.22077922077922077,0.05194805194805195
241,2,812.0295325600098,0,0,95,12.611759281495765,2.6736842105263157,0.5789473684210527,-0.03749794055802528,0.7052631578947368,0.2,0.09473684210526316
241,3,984.9697063523857,0,1,98,12.764028797115975,2.7448979591836733,0.5918367346938775,-0.0425807442577963,0.7244897959183674,0.1836734693877551,0.09183673469387756
241,4,825.9091008595365,0,1,178,11.978527822729031,2.960674157303371,0.4943820224719101,-0.22493205428864038,0.6966292134831461,0.19662921348314608,0.10674157303370786
242,1,744.3089271690365,0,0,537,11.346139174441541,3.02048417132216,0.5325884543761639,0.09919079407583445,0.5810055865921788,0.24581005586592178,0.17318435754189945
242,2,1025.4278078191687,0,0,539,11.366907323148917,3.0296846011131726,0.5435992578849722,0.10112749239024067,0.5695732838589982,0.2541743970315399,0.17625231910946196
242,3,1328.5440400753166,0,1,504,11.434947950777556,3.015873015873016,0.5595238095238095,0.09366529059371803,0.5694444444444444,0.25396825396825395,0.1765873015873016
242,4,1279.495952123778,0,1,466,11.393736613260968,3.004291845493562,0.5600858369098712,0.09795157424346518,0.5772532188841202,0.2532188841201717,0.16952789699570817
243,1,745.8086518085801,0,0,409,11.369999460663035,2.943765281173594,0.5036674816625917,-0.08241148357995355,0.5647921760391198,0.3765281173594132,0.05867970660146699
243,2,910.4617829469676,0,0,427,11.31773249835166,2.901639344262295,0.5199063231850117,-0.0297889846505997,0.5667447306791569,0.37236533957845436,0.06088992974238876
243,3,1177.638118581682,0,1,422,11.39017862015831,2.914691943127962,0.5284360189573459,-0.03441013708143038,0.5758293838862559,0.36729857819905215,0.05687203791469194
243,4,1648.1057480146176,0,1,416,11.500994596345231,2.9134615384615383,0.5288461538461539,-0.031754560064902355,0.5745192307692307,0.36538461538461536,0.06009615384615385
244,1,1014.340275357475,0,0,230,11.36929962211263,2.982608695652174,0.6347826086956522,0.43377182076308207,0.5391304347826087,0.3782608695652174,0.08260869565217391
244,2,1445.4779379956165,0,0,235,11.384713999763617,2.9872340425531916,0.625531914893617,0.3828229097829863,0.5617021276595745,0.34893617021276596,0.08936170212765958
244,3,1662.7890102470194,0,1,234,11.728990460901763,2.965811965811966,0.6068376068376068,0.2766546274005094,0.5384615384615384,0.358974358974359,0.10256410256410256
244,4,1529.3267756195366,0,1,234,11.614107387643015,3.0683760683760686,0.5811965811965812,0.22667479803330592,0.5128205128205128,0.3717948717948718,0.11538461538461539
245,1,808.7727467595687,1,0,1201,11.636546926815065,2.983347210657785,0.492089925062448,-0.12505829115298314,0.694421315570358,0.2414654454621149,0.06411323896752706
245,2,894.0505065055468,1,0,1184,11.467944381756942,2.985641891891892,0.5016891891891891,-0.05792772902484303,0.6858108108108109,0.24746621621621623,0.06672297297297297
245,3,1140.2041902332967,1,1,1159,11.473305156084976,2.988783433994823,0.5073339085418465,-0.051656161073849474,0.6773080241587576,0.25798101811906815,0.06471095772217429
245,4,1184.8606589766391,1,1,1137,11.511842616073963,3.0035180299032542,0.503957783641161,-0.07337764175468837,0.6816182937554969,0.25065963060686014,0.06772207563764292
246,1,594.8263029909953,0,0,418,12.400398631570345,3.088516746411483,0.40669856459330145,-0.7875110431462912,0.6267942583732058,0.19617224880382775,0.17703349282296652
246,2,780.0325298805308,0,0,399,12.470717135665216,3.1027568922305764,0.40601503759398494,-0.7467004456329205,0.6290726817042607,0.19298245614035087,0.17794486215538846
246,3,751.9841257834553,0,1,394,12.352729906227113,3.1319796954314723,0.4213197969543147,-0.6653041512543374,0.6269035532994924,0.20304568527918782,0.1700507614213198
246,4,856.565838212744,0,1,388,12.414376948993915,3.0850515463917527,0.39948453608247425,-0.6443892051276514,0.6288659793814433,0.1958762886597938,0.17525773195876287
247,1,961.147530821478,0,0,504,11.583398811689884,3.0535714285714284,0.48412698412698413,0.024764525823216116,0.8174603174603174,0.10714285714285714,0.07539682539682539
247,2,975.1553321612655,0,0,528,11.555045172886455,3.077651515151515,0.48863636363636365,0.024780753040543134,0.8257575757575758,0.10984848484848485,0.06439393939393939
247,3,1164.9766704511437,0,1,531,11.479452667067518,3.065913370998117,0.4971751412429379,0.005023703388530731,0.832391713747646,0.10546139359698682,0.062146892655367235
247,4,1217.3595545131527,0,1,523,11.370480968914073,3.0554493307839388,0.491395793499044,-6.161762451537637e-4,0.8298279158699808,0.10707456978967496,0.06309751434034416
248,1,615.0755168236052,0,0,505,12.945012760730537,3.0336633663366337,0.4198019801980198,-0.8415361393698334,0.8891089108910891,0.07920792079207921,0.031683168316831684
248,2,762.5787978090362,0,0,601,12.714570658367949,3.0149750415973378,0.4475873544093178,-0.7219625779038672,0.891846921797005,0.07321131447587355,0.03494176372712146
248,3,717.5213785503573,0,1,608,12.531502779793785,3.026315789473684,0.4473684210526316,-0.6716531952677771,0.899671052631579,0.06578947368421052,0.03453947368421053
248,4,842.4935663175238,0,1,606,12.619967275699473,3.014851485148515,0.43399339933993397,-0.6722084362721138,0.8943894389438944,0.07095709570957096,0.034653465346534656
249,1,824.8204201857625,1,0,733,11.271929593698735,2.9577080491132333,0.5375170532060027,0.12142133703419983,0.694406548431105,0.2373806275579809,0.06821282401091405
249,2,1015.8850952856219,1,0,747,11.257111939613793,2.9585006693440428,0.5448460508701473,0.12416287924502235,0.6907630522088354,0.23427041499330656,0.0749665327978581
249,3,1228.9951392512278,1,1,750,11.20156270494985,2.978666666666667,0.544,0.07043323790871708,0.696,0.232,0.072
249,4,1358.2045897759474,1,1,743,11.3385272085185,2.9515477792732168,0.5181695827725438,0.001979787325739943,0.6998654104979811,0.2274562584118439,0.07267833109017496
250,1,785.7809395958553,0,0,338,11.143962955708075,2.9792899408284024,0.5739644970414202,0.31264601931760205,0.7662721893491125,0.14201183431952663,0.09171597633136094
250,2,1056.7547417725998,0,0,340,11.269146764661764,2.973529411764706,0.5705882352941176,0.30784565937482933,0.7676470588235295,0.1411764705882353,0.09117647058823529
250,3,1175.1498487510848,0,1,327,11.299280833983952,2.963302752293578,0.5504587155963303,0.2369282464433596,0.764525993883792,0.1345565749235474,0.10091743119266056
250,4,1348.5829487050441,0,1,310,11.138347857423986,2.967741935483871,0.5580645161290323,0.2601153965210795,0.7806451612903226,0.13548387096774195,0.08387096774193549
251,1,856.3729958641335,0,0,921,10.739885623191144,3.0521172638436482,0.6286644951140065,0.45990940993097756,0.8631921824104235,0.0988056460369164,0.038002171552660155
251,2,1132.1871886650154,0,0,933,10.882130735357682,3.0557341907824225,0.6195069667738478,0.4002715701962612,0.8628081457663451,0.09753483386923902,0.03965702036441586
251,3,1367.2261852676816,0,1,918,10.997702069914428,3.031590413943355,0.5925925925925926,0.30772805977631823,0.8594771241830066,0.10130718954248366,0.0392156862745098
251,4,1453.7965581048866,0,1,864,11.18458407414686,3.002314814814815,0.5879629629629629,0.26023497191929673,0.8703703703703703,0.09606481481481481,0.03356481481481482
252,1,756.360136334526,1,0,540,11.735590454761528,3.0407407407407407,0.5462962962962963,0.2551120394091584,0.7222222222222222,0.17592592592592593,0.10185185185185185
252,2,893.1591184095113,1,0,532,11.76386831414529,3.037593984962406,0.5357142857142857,0.2022586830101663,0.7293233082706767,0.18045112781954886,0.09022556390977443
252,3,1169.9673233146186,1,1,527,11.866386872704812,3.01707779886148,0.523719165085389,0.16030178890095242,0.7210626185958254,0.18785578747628084,0.09108159392789374
252,4,1198.7059479301363,1,1,501,11.750561961259544,3.0199600798403194,0.5209580838323353,0.14195311675544067,0.7145708582834331,0.1936127744510978,0.09181636726546906
253,1,813.1029729707785,0,0,527,11.552674732092058,3.0075901328273247,0.5483870967741935,0.0012009127217863398,0.7798861480075902,0.174573055028463,0.04554079696394687
253,2,828.735517977703,0,0,640,11.802157318746705,3.065625,0.50625,-0.15030767647447374,0.7796875,0.16875,0.0515625
253,3,1060.0511170091854,0,1,633,11.87488055922001,3.0821484992101107,0.49447077409162715,-0.18818693909654172,0.7661927330173776,0.17851500789889416,0.05529225908372828
253,4,1191.1667634180833,0,1,610,11.963688653858329,3.0901639344262297,0.49508196721311476,-0.20977957671412067,0.7557377049180328,0.1901639344262295,0.054098360655737705
254,1,808.8278663627557,0,0,587,11.567645827663563,3.1175468483816013,0.5672913117546848,0.12985566192785641,0.626916524701874,0.34582623509369675,0.027257240204429302
254,2,1070.6321046501812,0,0,617,11.682700458337866,3.081037277147488,0.5429497568881686,0.07413132405804458,0.6353322528363047,0.3371150729335494,0.027552674230145867
254,3,1225.6087881882104,0,1,625,11.5486854402105,3.0944,0.5472,0.0848754094026642,0.6384,0.3296,0.032
254,4,1331.6494831585628,0,1,683,11.504067764500077,3.1317715959004393,0.541727672035139,0.04189916059001156,0.6530014641288433,0.3162518301610542,0.03074670571010249
255,1,851.8872472807136,1,0,575,11.234270434710655,3.08,0.5739130434782609,0.2995303451548924,0.7043478260869566,0.19652173913043477,0.09913043478260869
255,2,1048.675984602358,1,0,626,11.312126903159463,3.1070287539936103,0.5638977635782748,0.2391445750727714,0.707667731629393,0.1964856230031949,0.09584664536741214
255,3,1239.9563524626035,1,1,633,11.40839022348412,3.071090047393365,0.5545023696682464,0.21984744037239046,0.7203791469194313,0.1895734597156398,0.09004739336492891
255,4,1444.5877271719055,1,1,608,11.630453979712279,3.0526315789473686,0.537828947368421,0.1448265040855316,0.7203947368421053,0.1825657894736842,0.09703947368421052
256,1,625.9043636480541,1,0,145,11.786993612001162,3.1517241379310343,0.503448275862069,-0.3265899815373843,0.9310344827586207,0.027586206896551724,0.041379310344827586
256,2,833.5723190892018,1,0,136,11.988545221874702,3.1470588235294117,0.5147058823529411,-0.2116946668972507,0.9191176470588235,0.03676470588235294,0.04411764705882353
256,3,785.8929310548153,1,1,133,12.102615539164145,3.142857142857143,0.49624060150375937,-0.2849319168628482,0.9323308270676691,0.022556390977443608,0.045112781954887216
256,4,681.8410931980791,1,1,132,12.103309118907601,3.053030303030303,0.48484848484848486,-0.2430656961591518,0.9393939393939394,0.022727272727272728,0.03787878787878788
257,1,608.2013564529261,1,0,79,12.096232190775856,2.8734177215189876,0.5443037974683544,-0.12078478106408702,0.8354430379746836,0.08860759493670886,0.0759493670886076
257,2,880.7342396880318,1,0,167,12.180346058929803,2.7784431137724552,0.5149700598802395,-0.08861251524751469,0.8143712574850299,0.11377245508982035,0.0718562874251497
257,3,895.123575810197,1,1,165,12.179693328301024,2.83030303030303,0.5333333333333333,-0.04269201660518154,0.793939393939394,0.12121212121212122,0.08484848484848485
257,4,1203.9042391193327,1,1,155,12.386420018974608,2.825806451612903,0.5225806451612903,-0.06578533600429175,0.8258064516129032,0.1032258064516129,0.07096774193548387
258,1,922.4137648105378,0,0,675,11.475213754862619,3.0385185185185186,0.5481481481481482,0.062089938393018594,0.8044444444444444,0.07703703703703704,0.11851851851851852
258,2,1037.6129759595626,0,0,643,11.455248701989124,3.018662519440124,0.5427682737169518,0.07260430573145618,0.8055987558320373,0.07620528771384137,0.1181959564541213
258,3,1212.095262107788,0,1,636,11.56789007375889,3.001572327044025,0.5408805031446541,0.041600723060861,0.8113207547169812,0.08018867924528301,0.10849056603773585
258,4,1065.4662881681675,0,1,756,11.627564863325558,3.052910052910053,0.5264550264550265,-0.08144261158209125,0.7976190476190477,0.08333333333333333,0.11904761904761904
259,1,865.3325150310029,1,0,238,11.50240031267974,2.936974789915966,0.5546218487394958,0.30701406221392963,0.6512605042016807,0.226890756302521,0.12184873949579832
259,2,1098.8292505849697,1,0,240,11.827167485776872,2.995833333333333,0.5458333333333333,0.21442012833269355,0.6625,0.2125,0.125
259,3,1352.6466979928546,1,1,227,11.847448008718574,3.048458149779736,0.5198237885462555,0.15090226038304108,0.6607929515418502,0.21585903083700442,0.12334801762114538
259,4,1550.2719895853352,1,1,227,11.939105090631013,2.9691629955947136,0.5022026431718062,0.08630278048728118,0.6651982378854625,0.20704845814977973,0.1277533039647577
260,1,868.8683871119158,1,0,1200,11.353046009381817,3.0083333333333333,0.5408333333333334,0.18533186764098114,0.7033333333333334,0.185,0.11166666666666666
260,2,1011.6643819423357,1,0,1137,11.320300265099256,2.9912049252418647,0.534740545294635,0.1444500156298675,0.6965699208443272,0.1917326297273527,0.11169744942832015
260,3,1257.350551264214,1,1,1103,11.37503300149461,2.9501359927470534,0.5185856754306437,0.08889338530764522,0.6990027198549411,0.185856754306437,0.11514052583862194
260,4,1407.664354817342,1,1,1099,11.318937666014204,2.9927206551410372,0.5313921747042766,0.10864900695473656,0.707916287534122,0.17834394904458598,0.11373976342129208
261,1,741.3605833302986,0,0,410,12.076004265044203,3.0390243902439025,0.44878048780487806,-0.49463822530879387,0.5219512195121951,0.2682926829268293,0.2097560975609756
261,2,857.5387083119156,0,0,402,12.009831904315938,2.962686567164179,0.4502487562189055,-0.49267323747782993,0.527363184079602,0.263681592039801,0.208955223880597
261,3,1000.4491477556746,0,1,367,11.971077739259696,3.002724795640327,0.45776566757493187,-0.4524275739099488,0.5258855585831063,0.26975476839237056,0.20435967302452315
261,4,1055.6421130517392,0,1,331,11.839103491688912,3.009063444108761,0.4773413897280967,-0.3854567337886322,0.5498489425981873,0.2537764350453172,0.19637462235649547
262,1,596.6399473956011,1,0,313,11.340090398178097,3.1246006389776357,0.5143769968051118,0.038666377722854625,0.8562300319488818,0.10223642172523961,0.04153354632587859
262,2,972.975670490103,1,0,294,11.400712739159568,3.108843537414966,0.5068027210884354,0.07247486293854147,0.8503401360544217,0.1054421768707483,0.04421768707482993
262,3,1103.1280526048922,1,1,351,11.506194376306457,3.0683760683760686,0.50997150997151,-0.020276820404132718,0.8603988603988604,0.09971509971509972,0.039886039886039885
262,4,1080.1545361149424,1,1,346,11.564061854215549,3.098265895953757,0.5144508670520231,-0.002114593393237584,0.8786127167630058,0.0953757225433526,0.02601156069364162
263,1,849.1066505513237,1,0,376,12.121763269141185,2.9441489361702127,0.43882978723404253,-0.5615566001165715,0.9654255319148937,0.018617021276595744,0.015957446808510637
263,2,692.1599387750841,1,0,389,12.189106809765063,2.9511568123393315,0.4755784061696658,-0.4275588952252394,0.9640102827763496,0.017994858611825194,0.017994858611825194
263,3,972.6009750842402,1,1,368,12.205052399796967,2.921195652173913,0.46467391304347827,-0.42445247314373336,0.9592391304347826,0.021739130434782608,0.019021739130434784
263,4,1077.398200519811,1,1,339,12.07782291322425,2.9174041297935105,0.471976401179941,-0.39089420997131874,0.9587020648967551,0.02359882005899705,0.017699115044247787
264,1,851.5248184104378,0,0,237,10.850209660962257,3.021097046413502,0.6329113924050633,0.4861854505168624,0.890295358649789,0.08438818565400844,0.02531645569620253
264,2,1472.8626210589741,0,0,228,10.94959824832525,2.991228070175439,0.6271929824561403,0.44278191448744886,0.8903508771929824,0.08771929824561403,0.021929824561403508
264,3,1468.927790979607,0,1,243,11.10369121703453,3.0041152263374484,0.6090534979423868,0.3321735318742206,0.8806584362139918,0.09465020576131687,0.024691358024691357
264,4,1939.7061304552608,0,1,219,11.22063993669531,3.050228310502283,0.6073059360730594,0.32433296199074046,0.8858447488584474,0.091324200913242,0.0228310502283105
265,1,585.057893033051,1,0,409,12.69155283487503,2.9926650366748166,0.43031784841075793,-0.8027809068554167,0.7946210268948656,0.15647921760391198,0.0488997555012225
265,2,745.7636716171635,1,0,387,12.704384444285369,3.0284237726098193,0.43669250645994834,-0.7530818534671454,0.7906976744186046,0.15762273901808785,0.05167958656330749
265,3,802.644310441388,1,1,377,12.443951043666752,3.010610079575597,0.4376657824933687,-0.6771381640645976,0.7904509283819628,0.16180371352785147,0.04774535809018567
265,4,948.5131515391881,1,1,365,12.45760941916697,3.0027397260273974,0.4438356164383562,-0.5938718155564363,0.8027397260273973,0.14520547945205478,0.052054794520547946
266,1,928.5064391098575,1,0,192,11.875150732983702,3.0833333333333335,0.4114583333333333,-0.27054040349595254,0.78125,0.16145833333333334,0.057291666666666664
266,2,1268.6761483662551,1,0,187,11.797148669435968,3.06951871657754,0.40641711229946526,-0.2474756811033168,0.7807486631016043,0.16042780748663102,0.058823529411764705
266,3,1280.4965783379025,1,1,190,11.993715564597217,3.026315789473684,0.4105263157894737,-0.20132656018904801,0.7947368421052632,0.14736842105263157,0.05789473684210526
266,4,1519.5374939171968,1,1,181,12.031045164533488,2.9392265193370166,0.430939226519337,-0.19177298629174505,0.7845303867403315,0.16022099447513813,0.055248618784530384
267,1,881.7216165961177,1,0,549,11.510926503454499,2.9435336976320583,0.4972677595628415,-0.08079884328813429,0.5519125683060109,0.34972677595628415,0.09836065573770492
267,2,983.5891787030098,1,0,549,11.623742319122801,3,0.4972677595628415,-0.06015143836922401,0.5409836065573771,0.35154826958105645,0.10746812386156648
267,3,1100.0273279891742,1,1,564,11.535486454487868,2.99822695035461,0.5053191489361702,-0.051204055243058266,0.5478723404255319,0.3404255319148936,0.11170212765957446
267,4,1103.0833824766357,1,1,634,11.404859538800453,2.9905362776025237,0.4810725552050473,-0.17037922908517353,0.5473186119873817,0.3422712933753943,0.11041009463722397
268,1,671.3726976663614,0,0,494,13.390497871232851,3.1295546558704452,0.32186234817813764,-1.1579283534280833,0.7064777327935222,0.2125506072874494,0.08097165991902834
268,2,562.442619043274,0,0,484,13.29116181004075,3.115702479338843,0.32644628099173556,-1.0998893246538501,0.7210743801652892,0.1921487603305785,0.08677685950413223
268,3,723.7405286485769,0,1,464,13.009436811736151,3.0797413793103448,0.34051724137931033,-0.9658363077498965,0.7133620689655172,0.20043103448275862,0.08620689655172414
268,4,820.0318203943516,0,1,445,12.954576254285461,3.051685393258427,0.350561797752809,-0.9566704504914882,0.7123595505617978,0.20674157303370785,0.08089887640449438
269,1,723.6780722430116,1,0,1542,11.953707238186222,3.0460440985732813,0.4662775616083009,-0.29670870934131266,0.6355382619974059,0.16407263294422827,0.20038910505836577
269,2,906.7805958626926,1,0,1501,11.84350672850613,3.044636908727515,0.4816788807461692,-0.23724011432781614,0.6329113924050633,0.1658894070619587,0.20119920053297802
269,3,1067.272960123858,1,1,1464,11.753723561122683,3.0471311475409837,0.49043715846994534,-0.20458085511846646,0.6338797814207651,0.16325136612021857,0.2028688524590164
269,4,1126.8738121722631,1,1,1486,11.659831439980525,2.9858681022880216,0.4979811574697174,-0.166021052303588,0.6332436069986541,0.16218034993270525,0.20457604306864063
270,1,680.8460683541564,1,0,734,12.033203023107957,2.975476839237057,0.4782016348773842,-0.37876520414231846,0.8746594005449592,0.08719346049046321,0.03814713896457766
270,2,930.2592299660464,1,0,709,11.98989490974687,2.944992947813822,0.4823695345557123,-0.32082313424441444,0.8758815232722144,0.08321579689703808,0.04090267983074753
270,3,836.8188007253158,1,1,710,12.04198501254751,2.919718309859155,0.476056338028169,-0.3203200495677152,0.8732394366197183,0.08591549295774648,0.04084507042253521
270,4,943.8117731714847,1,1,725,11.969872359963668,2.8758620689655174,0.4675862068965517,-0.27434899575191285,0.8744827586206897,0.08827586206896551,0.037241379310344824
271,1,869.6349004726467,1,0,614,11.767914925317996,3.017915309446254,0.5472312703583062,0.04383954050504306,0.7068403908794788,0.16449511400651465,0.12866449511400652
271,2,1013.7927523480508,1,0,615,11.71729237295333,2.9902439024390244,0.5317073170731708,0.022909002889740324,0.7121951219512195,0.15934959349593497,0.12845528455284552
271,3,1070.9316699989115,1,1,594,11.749434781426821,2.984848484848485,0.5252525252525253,-0.017247739836423415,0.7205387205387206,0.14983164983164984,0.12962962962962962
271,4,1200.8316395368827,1,1,852,11.900945746211251,2.9741784037558685,0.5269953051643192,0.0017330762843352867,0.7136150234741784,0.15375586854460094,0.13262910798122066
272,1,945.5252295622241,0,0,445,11.186742120611576,3.1640449438202247,0.5348314606741573,0.1596880033922321,0.6292134831460674,0.24044943820224718,0.1303370786516854
272,2,1099.627365753625,0,0,469,11.292394482279825,3.162046908315565,0.5373134328358209,0.12345337546337166,0.6098081023454158,0.2601279317697228,0.1300639658848614
272,3,1257.621975969141,0,1,467,11.33402029340463,3.126338329764454,0.5246252676659529,0.09338894143011688,0.5995717344753747,0.26552462526766596,0.1349036402569593
272,4,1532.983232090691,0,1,448,11.31868643828192,3.029017857142857,0.5133928571428571,0.05544410858210217,0.609375,0.25223214285714285,0.13839285714285715
273,1,625.6892540478858,0,0,113,10.959239016944332,2.9734513274336285,0.49557522123893805,0.18126426143942814,0.5929203539823009,0.23008849557522124,0.17699115044247787
273,2,1214.7164788935293,0,0,118,10.980494994548073,2.9322033898305087,0.4915254237288136,0.14386597513911797,0.5847457627118644,0.2542372881355932,0.16101694915254236
273,3,1411.1792512378581,0,1,115,11.08011550016987,2.878260869565217,0.4782608695652174,0.027761763416634434,0.5826086956521739,0.24347826086956523,0.17391304347826086
273,4,1196.181667742143,0,1,115,10.996267422168291,2.869565217391304,0.46956521739130436,0.030108642360833552,0.6,0.24347826086956523,0.1565217391304348
274,1,895.1733155202186,0,0,820,10.92300581048598,2.9585365853658536,0.5817073170731707,0.35793233227970445,0.7707317073170732,0.16463414634146342,0.06463414634146342
274,2,1229.2109906284354,0,0,849,11.000495830678414,2.944640753828033,0.5795053003533569,0.30403281444147845,0.7762073027090695,0.160188457008245,0.0636042402826855
274,3,1331.1774439839173,0,1,874,11.121466770110125,2.9347826086956523,0.5720823798627003,0.2594234191979738,0.7757437070938215,0.16132723112128147,0.06292906178489703
274,4,1348.1414132187604,0,1,881,11.086084934902734,2.959137343927355,0.565266742338252,0.2071039833329569,0.775255391600454,0.15777525539160045,0.06696935300794551
275,1,857.1482110395406,1,0,548,11.2632433600651,3.0675182481751824,0.5821167883211679,0.23123359830321172,0.6021897810218978,0.3375912408759124,0.060218978102189784
275,2,1009.9013986167596,1,0,621,11.288755663743247,3.0225442834138487,0.5780998389694042,0.18891411758497395,0.6086956521739131,0.3252818035426731,0.06602254428341385
275,3,1094.1612200392358,1,1,609,11.32463842006149,3.039408866995074,0.5845648604269293,0.1675455728467406,0.6108374384236454,0.32019704433497537,0.06896551724137931
275,4,1368.1489854925737,1,1,595,11.339105476873844,3,0.573109243697479,0.16851533505318161,0.611764705882353,0.3226890756302521,0.06554621848739496
276,1,773.0888412099242,1,0,260,11.741097111283546,2.9269230769230767,0.4346153846153846,-0.32037365740203105,0.4230769230769231,0.3576923076923077,0.21923076923076923
276,2,849.9066965362806,1,0,253,11.637483833691068,2.9367588932806323,0.43478260869565216,-0.325265723825924,0.4189723320158103,0.35968379446640314,0.22134387351778656
276,3,1059.430722462974,1,1,258,11.726298644617309,2.941860465116279,0.47674418604651164,-0.2886181368361104,0.41472868217054265,0.3798449612403101,0.2054263565891473
276,4,1243.295531277147,1,1,242,11.825614952770943,2.9297520661157024,0.45867768595041325,-0.29040196430362714,0.44214876033057854,0.35537190082644626,0.2024793388429752
277,1,877.0758385586269,0,0,574,11.125262479855701,3.0400696864111496,0.578397212543554,0.08119210147028268,0.5679442508710801,0.2421602787456446,0.18989547038327526
277,2,1038.9516759557907,0,0,542,11.23298308780043,3.062730627306273,0.566420664206642,0.0728836143105784,0.5627306273062731,0.24354243542435425,0.1937269372693727
277,3,1033.1171843762747,0,1,546,11.311318124561884,3.0238095238095237,0.5238095238095238,-0.009603472227913076,0.5659340659340659,0.24175824175824176,0.19230769230769232
277,4,1342.2276702148292,0,1,517,11.207977316605506,3.0154738878143132,0.5377176015473888,-0.030801264163854605,0.5493230174081238,0.2437137330754352,0.20696324951644102
278,1,661.9012397520859,0,0,560,11.163549167155132,2.969642857142857,0.5392857142857143,0.04054387195200464,0.5339285714285714,0.2571428571428571,0.20892857142857144
278,2,852.0975687767091,0,0,539,11.228146732585175,2.9239332096474953,0.5417439703153989,0.05839891099430865,0.5157699443413729,0.26716141001855287,0.21706864564007422
278,3,1125.7363740193055,0,1,581,11.201556755563043,2.938037865748709,0.540447504302926,0.03853478604000629,0.4905335628227194,0.2891566265060241,0.22030981067125646
278,4,1195.3923545467767,0,1,583,11.396400850141536,2.9502572898799313,0.5300171526586621,-0.07211410483644094,0.483704974271012,0.2915951972555746,0.22469982847341338
279,1,821.2692823543034,0,0,151,11.762916081458274,2.9205298013245033,0.4900662251655629,-0.08874808332970992,0.8344370860927153,0.13245033112582782,0.033112582781456956
279,2,930.8350742871309,0,0,138,11.799920475780741,2.9927536231884058,0.4927536231884058,-0.027520273935611482,0.8260869565217391,0.13043478260869565,0.043478260869565216
279,3,763.8343808311769,0,1,160,11.672087910731637,3,0.51875,9.437821480257514e-4,0.8125,0.1125,0.075
279,4,1213.178420799564,0,1,176,11.490921645032449,3.0113636363636362,0.5,-0.06024175214434731,0.8352272727272727,0.09090909090909091,0.07386363636363637
280,1,891.0652466225372,1,0,206,11.526152335532954,2.8349514563106797,0.5145631067961165,-0.08067315789835205,0.7961165048543689,0.16019417475728157,0.043689320388349516
280,2,951.3175605400634,1,0,211,11.546482040193043,2.815165876777251,0.5165876777251185,-0.054875811286768675,0.7914691943127962,0.17061611374407584,0.037914691943127965
280,3,1284.6162889422906,1,1,203,11.345535223349197,2.7881773399014778,0.5172413793103449,-0.01326815467677775,0.7881773399014779,0.18226600985221675,0.029556650246305417
280,4,1014.6020037834063,1,1,197,11.45621882158605,2.7766497461928936,0.5177664974619289,-0.04217999435693424,0.7918781725888325,0.18274111675126903,0.025380710659898477
281,1,791.6369569032499,0,0,588,11.210332322358475,3.011904761904762,0.5510204081632653,-0.0035658774558466606,0.7040816326530612,0.20068027210884354,0.09523809523809523
281,2,937.6314420122319,0,0,596,11.336002453934139,3.01006711409396,0.5469798657718121,-0.09978611942654521,0.7030201342281879,0.2063758389261745,0.09060402684563758
281,3,1050.9165045277398,0,1,571,11.309268811395802,3.021015761821366,0.542907180385289,-0.12166030615145239,0.7075306479859895,0.19614711033274956,0.09632224168126094
281,4,1148.1502517292795,0,1,571,11.208077024651509,3.0385288966725046,0.5464098073555166,-0.10795305347386208,0.7162872154115587,0.18739054290718038,0.09632224168126094
282,1,755.933840614208,0,0,660,12.21933940342118,2.8636363636363638,0.45606060606060606,-0.5368107842127613,0.6348484848484849,0.21666666666666667,0.1484848484848485
282,2,813.7273184190944,0,0,643,12.213687189586311,2.8818040435458787,0.45878693623639194,-0.5298586203328061,0.6531881804043546,0.2115085536547434,0.13530326594090203
282,3,855.0375718238384,0,1,642,12.154195048456074,2.8286604361370715,0.4672897196261682,-0.5343839811130707,0.6261682242990654,0.23052959501557632,0.14330218068535824
282,4,872.4975572570936,0,1,630,12.087579714550623,2.8365079365079366,0.4650793650793651,-0.49784598996713497,0.6349206349206349,0.22857142857142856,0.1365079365079365
283,1,1118.0972737373907,0,0,241,11.829312225891455,3.016597510373444,0.5850622406639004,0.12521079907887753,0.8713692946058091,0.1078838174273859,0.02074688796680498
283,2,915.3046623939276,0,0,265,11.836117821614238,2.981132075471698,0.6037735849056604,0.09577697206361269,0.8377358490566038,0.1320754716981132,0.03018867924528302
283,3,1161.337264919258,0,1,246,11.897971665791394,2.9634146341463414,0.5975609756097561,0.08281165691667638,0.8292682926829268,0.13414634146341464,0.036585365853658534
283,4,1609.8264586150137,0,1,268,11.651363997884731,3.014925373134328,0.5932835820895522,0.057179482321657725,0.8022388059701493,0.15298507462686567,0.04477611940298507
284,1,1004.490952498569,0,0,1143,11.080959412483281,3.024496937882765,0.5826771653543307,0.3211339510160346,0.8407699037620298,0.11461067366579178,0.04461942257217848
284,2,1160.2206711850126,0,0,1130,11.13048925285775,2.9973451327433627,0.5761061946902655,0.29837628993365944,0.8442477876106195,0.11327433628318584,0.04247787610619469
284,3,1476.3563944338969,0,1,1181,11.186102355668746,2.988992379339543,0.5690093141405589,0.24706942012687677,0.8492802709568162,0.1109229466553768,0.03979678238780694
284,4,1516.4470030973418,0,1,1125,11.22725362665873,2.962666666666667,0.5546666666666666,0.21037676013688678,0.8471111111111111,0.112,0.04088888888888889
285,1,836.5033624576628,0,0,408,11.555998511518407,2.9950980392156863,0.5049019607843137,-0.056022198368225785,0.7598039215686274,0.18382352941176472,0.056372549019607844
285,2,980.6140230939347,0,0,411,11.77341076435025,2.9586374695863746,0.49391727493917276,-0.06103895861310255,0.7664233576642335,0.17761557177615572,0.05596107055961071
285,3,1073.9067997847303,0,1,406,11.797660256176659,2.9950738916256157,0.5,-0.08439708425404416,0.7487684729064039,0.1921182266009852,0.059113300492610835
285,4,1304.118856032822,0,1,400,11.703790557373274,3.0025,0.5075,-0.0632678036314889,0.755,0.1825,0.0625
286,1,942.0058726907324,1,0,1309,11.619446203053858,3.1061879297173416,0.5324675324675324,-0.11799394134009268,0.7677616501145913,0.1711229946524064,0.061115355233002294
286,2,962.9199422575944,1,0,1290,11.58685399812648,3.1364341085271317,0.5279069767441861,-0.08323590778529986,0.7697674418604651,0.1697674418604651,0.06046511627906977
286,3,1040.4251954014853,1,1,1221,11.566179752629019,3.1228501228501226,0.5323505323505323,-0.05779648592254279,0.7665847665847666,0.16707616707616707,0.06633906633906633
286,4,1308.1294152344346,1,1,1299,11.610173814719822,3.109314857582756,0.5373364126250962,-0.0400917643026006,0.7636643571978445,0.16474210931485758,0.07159353348729793
287,1,871.3217979826167,0,0,820,11.66406781367365,2.9902439024390244,0.524390243902439,-0.10801376964776338,0.7695121951219512,0.17804878048780487,0.0524390243902439
287,2,974.8052828803948,0,0,910,11.818419052211722,3.0274725274725274,0.5076923076923077,-0.10154438910780164,0.7725274725274726,0.18021978021978022,0.04725274725274725
287,3,921.1027776877834,0,1,990,11.842201306694763,3.018181818181818,0.49393939393939396,-0.13229221979802266,0.7767676767676768,0.17474747474747473,0.048484848484848485
287,4,1170.9974784099943,0,1,915,11.856092740409508,3.014207650273224,0.492896174863388,-0.14975462098557435,0.7672131147540984,0.18797814207650274,0.04480874316939891
288,1,823.5031233909367,1,0,551,12.415685476517563,2.941923774954628,0.42286751361161523,-0.6147676909740547,0.8548094373865699,0.10707803992740472,0.038112522686025406
288,2,820.119822396427,1,0,508,12.402768888103786,2.8897637795275593,0.4547244094488189,-0.5677002506949684,0.8681102362204725,0.10236220472440945,0.02952755905511811
288,3,821.4332478115824,1,1,485,12.303240873503237,2.894845360824742,0.4577319587628866,-0.4872773538838609,0.8536082474226804,0.11752577319587629,0.0288659793814433
288,4,1049.0587163303326,1,1,468,12.038276323451786,2.9123931623931623,0.4658119658119658,-0.40172544120280224,0.8547008547008547,0.1111111111111111,0.03418803418803419
289,1,865.3202730340314,1,0,1310,11.423305740778124,2.977862595419847,0.5587786259541985,0.09274881204321692,0.7374045801526717,0.16946564885496182,0.09312977099236641
289,2,1041.1367698138074,1,0,1292,11.527140135557895,2.969814241486068,0.5464396284829721,0.046533162030685284,0.7391640866873065,0.16718266253869968,0.093653250773993807
289,3,1072.6791937327816,1,1,1207,11.61251631326154,2.9693454846727425,0.5492957746478874,0.056789564375995374,0.7365368682684341,0.16901408450704225,0.09444904722452362
289,4,1134.9125340300566,1,1,1171,11.581652999387757,2.9547395388556787,0.533731853116994,0.04335818693820365,0.740392826643894,0.1682322801024765,0.09137489325362938
290,1,779.794354560702,1,0,918,11.725022708910233,3.0359477124183005,0.49019607843137253,-0.030566785273851076,0.45860566448801743,0.3899782135076253,0.1514161220043573
290,2,1028.1342317666335,1,0,905,11.624860792544998,2.976795580110497,0.487292817679558,-0.017213599922842604,0.4685082872928177,0.3889502762430939,0.1425414364640884
290,3,1067.1803619043026,1,1,914,11.58058499759224,2.963894967177243,0.486870897155361,-0.004382432654971002,0.46936542669584247,0.3851203501094092,0.14551422319474835
290,4,1160.4421608548478,1,1,898,11.621829489686139,2.977728285077951,0.5,-0.0015019179098454463,0.47438752783964366,0.38641425389755013,0.13919821826280623
291,1,859.2429230054288,1,0,247,11.894632736667985,2.9554655870445345,0.4331983805668016,-0.5179841900405624,0.659919028340081,0.22672064777327935,0.11336032388663968
291,2,1129.8078545429487,1,0,231,11.840212655202826,2.948051948051948,0.4329004329004329,-0.49484720020510276,0.645021645021645,0.23376623376623376,0.12121212121212122
291,3,858.3598840253602,1,1,205,11.93677750388249,2.946341463414634,0.424390243902439,-0.48235050140583263,0.6292682926829268,0.23902439024390243,0.13170731707317074
291,4,943.6540260043463,1,1,195,11.83172794011944,3.0153846153846153,0.441025641025641,-0.43190556893607507,0.6307692307692307,0.2358974358974359,0.13333333333333333
292,1,966.4541915201164,0,0,113,11.441976606349835,2.8230088495575223,0.6814159292035398,0.33173450879095573,0.7168141592920354,0.19469026548672566,0.08849557522123894
292,2,1057.0169057406592,0,0,127,11.37118201834696,2.779527559055118,0.6377952755905512,0.3183004488786813,0.7480314960629921,0.1732283464566929,0.07874015748031496
292,3,1369.4613303805575,0,1,160,11.572086116446677,2.79375,0.60625,0.14094977916290446,0.73125,0.15,0.11875
292,4,1550.2831060725032,0,1,163,11.401111493380006,2.7975460122699385,0.6012269938650306,0.21739822092612276,0.7239263803680982,0.15950920245398773,0.1165644171779141
293,1,777.0382964869931,0,0,151,12.466429676784223,3.0927152317880795,0.5894039735099338,-0.13224046464660089,0.543046357615894,0.3509933774834437,0.10596026490066225
293,2,932.4914344889238,0,0,154,12.429760619815427,3.0844155844155843,0.577922077922078,-0.07813225924738036,0.5324675324675324,0.37662337662337664,0.09090909090909091
293,3,969.5511956712331,0,1,145,12.68190544370045,3,0.5448275862068965,-0.10757492236551476,0.5241379310344828,0.38620689655172413,0.0896551724137931
293,4,1042.8733935867308,0,1,177,12.61318430512524,3.0508474576271185,0.5649717514124294,-0.30163219883058207,0.5141242937853108,0.4011299435028249,0.0847457627118644
294,1,1121.4825395959567,0,0,463,11.285268571152871,3.0669546436285096,0.5874730021598272,0.09699046822633244,0.673866090712743,0.1900647948164147,0.13606911447084233
294,2,1341.1402927115962,0,0,445,11.2887674171442,3.0157303370786517,0.5797752808988764,0.10146431003502251,0.6651685393258427,0.2,0.1348314606741573
294,3,1430.7463363466763,0,1,447,11.289979992451203,3.040268456375839,0.5615212527964206,0.08990242760133103,0.6577181208053692,0.203579418344519,0.13870246085011187
294,4,1401.9676191287317,0,1,429,11.377132314688616,2.9743589743589745,0.5734265734265734,0.11982980616229826,0.662004662004662,0.19813519813519814,0.13986013986013987
295,1,862.5329512007237,1,0,259,12.17421126338481,3.0617760617760617,0.5019305019305019,-0.2627015062717214,0.6640926640926641,0.1969111969111969,0.138996138996139
295,2,850.3784608273012,1,0,240,11.883874775215807,3.0375,0.5291666666666667,-0.17692193561250957,0.6666666666666666,0.19583333333333333,0.1375
295,3,1206.6560736621848,1,1,309,11.76892681744188,3.0517799352750807,0.5372168284789643,-0.062331045761650196,0.6440129449838188,0.22330097087378642,0.13268608414239483
295,4,1410.929893831321,1,1,292,11.866887564754567,3.143835616438356,0.5342465753424658,-0.058834318904539225,0.6472602739726028,0.2191780821917808,0.13356164383561644
296,1,940.6829900980531,0,0,198,11.12575202060546,3.2323232323232323,0.5404040404040404,0.11542598902924396,0.8787878787878788,0.045454545454545456,0.07575757575757576
296,2,1063.1837781062864,0,0,193,11.098237504480895,3.300518134715026,0.5595854922279793,0.14357760464737956,0.8808290155440415,0.046632124352331605,0.07253886010362694
296,3,1294.480504730247,0,1,189,11.089663463596192,3.375661375661376,0.5714285714285714,0.19677843856200802,0.8783068783068783,0.0582010582010582,0.06349206349206349
296,4,1615.2284001077205,0,1,190,11.080698652325284,3.4263157894736844,0.5842105263157895,0.1949871815195243,0.8631578947368421,0.06842105263157895,0.06842105263157895
297,1,867.4835578050994,0,0,920,11.626151973745015,2.9260869565217393,0.5315217391304348,0.12496166635554795,0.7097826086956521,0.13804347826086957,0.15217391304347827
297,2,1140.2421788403951,0,0,883,11.691556546047533,2.9195922989807475,0.5186862967157417,0.11002921717293561,0.7078142695356738,0.1404303510758777,0.15175537938844846
297,3,1124.8220284611778,0,1,883,11.67710308758006,2.9173272933182335,0.5300113250283126,0.10045210830664929,0.7032842582106456,0.15402038505096263,0.14269535673839184
297,4,1320.0220269745853,0,1,884,11.69916404931733,2.9513574660633486,0.5248868778280543,0.05030932322781444,0.7002262443438914,0.15723981900452488,0.1425339366515837
298,1,992.154208012092,1,0,718,11.222247856962541,2.9902506963788302,0.5501392757660167,0.10477948802552363,0.5543175487465181,0.27158774373259054,0.17409470752089137
298,2,974.7092983061207,1,0,697,11.299892198526612,3,0.5423242467718795,0.06669907777921494,0.5423242467718795,0.27546628407460544,0.18220946915351507
298,3,1192.293205490366,1,1,730,11.490801985037354,2.9712328767123286,0.5438356164383562,0.005557502355535921,0.5438356164383562,0.27671232876712326,0.17945205479452056
298,4,1383.3448102141824,1,1,689,11.394685093279113,2.9550072568940493,0.5312046444121916,-0.01573100138089409,0.5573294629898403,0.2714078374455733,0.17126269956458637
299,1,961.6993693456558,0,0,734,11.511015134376882,2.9264305177111716,0.5081743869209809,-0.06830466733465157,0.8678474114441417,0.05858310626702997,0.07356948228882834
299,2,931.2261565353897,0,0,679,11.505167467782682,2.9499263622974965,0.5036818851251841,-0.0498868636443591,0.8674521354933726,0.05743740795287187,0.07511045655375552
299,3,980.2145112386496,0,1,743,11.506414150098127,2.9246298788694483,0.4845222072678331,-0.11341105964128673,0.857335127860027,0.059219380888290714,0.08344549125168237
299,4,1152.7788509955276,0,1,749,11.650099180087205,2.9559412550066755,0.472630173564753,-0.23292353367353127,0.8584779706275033,0.05740987983978638,0.08411214953271028
300,1,1000.546644190209,0,0,524,11.175037359119049,3.0477099236641223,0.5534351145038168,0.25595393882496215,0.6431297709923665,0.22328244274809161,0.13358778625954199
300,2,1224.3090759430072,0,0,544,11.151908491325576,3.045955882352941,0.5551470588235294,0.2202633583837122,0.6452205882352942,0.22058823529411764,0.13419117647058823
300,3,1101.4332857439213,0,1,535,11.23135999911697,2.9962616822429906,0.5476635514018692,0.19527481752719586,0.6542056074766355,0.21869158878504674,0.12710280373831775
300,4,1468.547462670203,0,1,542,11.198376347100938,3.0313653136531364,0.5461254612546126,0.19089871693815585,0.6531365313653137,0.21955719557195572,0.12730627306273062
301,1,763.3137426189662,1,0,2284,11.605414052841075,2.98861646234676,0.5056917688266199,-0.14411184070957445,0.7732049036777583,0.16637478108581435,0.06042031523642732
301,2,892.0520127827293,1,0,2185,11.592337935709045,2.965675057208238,0.4979405034324943,-0.16521756310022997,0.7720823798627002,0.17025171624713958,0.057665903890160186
301,3,1002.8306286071538,1,1,2178,11.597474615356031,2.994949494949495,0.507346189164371,-0.14124728344001417,0.77089072543618,0.16988062442607896,0.05922865013774105
301,4,1169.013503003605,1,1,2082,11.6001084453069,2.993275696445725,0.5038424591738713,-0.13673318362515935,0.7646493756003843,0.17483189241114314,0.06051873198847262
302,1,758.9668820679408,0,0,2720,11.660519491470636,3.0253676470588236,0.5213235294117647,-0.03897760655902801,0.6360294117647058,0.22536764705882353,0.1386029411764706
302,2,992.7252973997583,0,0,2646,11.635119046763892,3.020408163265306,0.5192743764172335,-0.03843275841915765,0.6318972033257747,0.22789115646258504,0.1402116402116402
302,3,1079.3161642713476,0,1,2780,11.674591189296637,2.9946043165467624,0.503956834532374,-0.10081146488064356,0.6399280575539569,0.22194244604316546,0.1381294964028777
302,4,1274.73561549128,0,1,2757,11.647301400151774,3,0.5063474791439971,-0.09696331811510264,0.6372869060573086,0.2306855277475517,0.13202756619513964
303,1,785.1368102263418,0,0,1017,11.488868688703047,2.9410029498525074,0.5270403146509341,-0.028120262652909192,0.5240904621435595,0.3913470993117011,0.08456243854473942
303,2,1045.841794681248,0,0,975,11.466313206138885,2.948717948717949,0.5333333333333333,-0.0047856363684723215,0.5261538461538462,0.38564102564102565,0.0882051282051282
303,3,1192.4389701741466,0,1,1210,11.367982526877102,3.0272727272727273,0.5190082644628099,-0.013075869781805608,0.5148760330578512,0.3851239669421488,0.1
303,4,1279.647281465409,0,1,1154,11.351344009551388,3.0268630849220104,0.5259965337954939,-0.01851554392152185,0.5086655112651647,0.389948006932409,0.10138648180242635
304,1,941.4323956132907,0,0,274,12.20236853303121,2.8394160583941606,0.4562043795620438,-0.3376061749873868,0.7153284671532847,0.10218978102189781,0.18248175182481752
304,2,992.9855255239222,0,0,280,12.24391478826494,2.842857142857143,0.4857142857142857,-0.31674050826726124,0.7178571428571429,0.10714285714285714,0.175
304,3,896.6574906646788,0,1,281,12.416688513359881,2.8612099644128115,0.49466192170818507,-0.2933931691146422,0.7295373665480427,0.09252669039145907,0.17793594306049823
304,4,1012.9070322576581,0,1,332,12.245028710883757,2.855421686746988,0.5,-0.32728143493079015,0.7108433734939759,0.10240963855421686,0.18674698795180722
305,1,827.1563781954857,0,0,292,11.292962197541549,2.9554794520547945,0.5547945205479452,0.12633067907299744,0.8424657534246576,0.0958904109589041,0.06164383561643835
305,2,1080.1502771560913,0,0,281,11.438770363440362,2.9181494661921707,0.5516014234875445,0.13017254496029848,0.8540925266903915,0.08540925266903915,0.060498220640569395
305,3,1235.6390877974445,0,1,275,11.482884808780073,2.9272727272727272,0.5527272727272727,0.07660529247348156,0.8654545454545455,0.07272727272727272,0.06181818181818182
305,4,1168.6713812469955,0,1,270,11.48311805200781,3.0074074074074075,0.5518518518518518,0.039698974836511434,0.8592592592592593,0.07407407407407407,0.06666666666666667
306,1,936.0749514504345,0,0,1016,11.012661618111748,2.970472440944882,0.6230314960629921,0.5082336390231424,0.7303149606299213,0.18700787401574803,0.08267716535433071
306,2,1204.840471440608,0,0,1016,11.133086498799853,2.9891732283464565,0.6161417322834646,0.4799871645914021,0.7224409448818898,0.19389763779527558,0.08366141732283465
306,3,1480.847025004852,0,1,1029,11.13053188641088,3.0398445092322643,0.6122448979591837,0.43678847630262924,0.7249757045675413,0.19825072886297376,0.07677356656948493
306,4,1605.9024452073027,0,1,1027,11.168453904588452,3.002921129503408,0.6105160662122687,0.36687624927378937,0.7283349561830574,0.1937682570593963,0.07789678675754626
307,1,969.816631066212,1,0,146,11.372995393097556,2.8835616438356166,0.4178082191780822,-0.08933570792246956,0.7397260273972602,0.1506849315068493,0.1095890410958904
307,2,742.3923134951749,1,0,145,11.13760748591996,2.972413793103448,0.4413793103448276,-0.03002001472675078,0.7448275862068966,0.15172413793103448,0.10344827586206896
307,3,1197.0420823923705,1,1,154,11.039621146085361,3.0194805194805197,0.44155844155844154,0.009494714318495832,0.7402597402597403,0.14935064935064934,0.11038961038961038
307,4,1162.4142053998285,1,1,156,11.164214553431142,3.0576923076923075,0.4551282051282051,0.02713994079039364,0.7435897435897436,0.15384615384615385,0.10256410256410256
308,1,777.717268950353,0,0,503,11.712836983486717,2.978131212723658,0.5129224652087475,-0.16198238830648082,0.7872763419483101,0.16699801192842942,0.04572564612326044
308,2,910.5202715786569,0,0,511,11.667493566137672,3.019569471624266,0.5146771037181996,-0.12049730016589622,0.7906066536203522,0.15851272015655576,0.050880626223091974
308,3,1098.4733317189387,0,1,504,11.662941745630249,3.015873015873016,0.5099206349206349,-0.08251360792567418,0.7837301587301587,0.1626984126984127,0.05357142857142857
308,4,1208.0057187818093,0,1,493,11.683758386052691,3.0101419878296145,0.5111561866125761,-0.0740347058384446,0.7849898580121704,0.16024340770791076,0.05476673427991886
309,1,867.5542250842336,0,0,249,11.464578422314087,2.9718875502008033,0.54216867469879515,0.14042137795483553,0.6265060240963856,0.20080321285140562,0.17269076305220885
309,2,1060.5301945408185,0,0,238,11.275589414023806,3,0.5378151260504201,0.12822067262049675,0.6218487394957983,0.19327731092436976,0.18487394957983194
309,3,1329.6181633511924,0,1,223,11.276775991199427,2.977578475336323,0.5336322869955157,0.11059711843811994,0.6053811659192825,0.20179372197309417,0.19282511210762332
309,4,1676.5612031664361,0,1,218,11.26680250566452,3.041284403669725,0.555045871559633,0.10445877209303776,0.5871559633027523,0.21559633027522937,0.19724770642201836
310,1,968.2838880790828,0,0,425,11.511690712859068,3.068235294117647,0.5011764705882353,-0.03962587434582027,0.508235294117647,0.33176470588235296,0.16
310,2,1029.6684327209332,0,0,448,11.469340614309065,3.060267857142857,0.4955357142857143,-0.09054608050254616,0.5044642857142857,0.34375,0.15178571428571427
310,3,1215.0185328040523,0,1,452,11.363384404324963,3.0508849557522124,0.5154867256637168,-0.021552116935183777,0.4911504424778761,0.35398230088495575,0.15486725663716813
310,4,1300.7824248139013,0,1,444,11.537898409364487,3.0405405405405403,0.5202702702702703,-0.04751807875292379,0.49099099099099097,0.3490990990990991,0.15990990990990991
311,1,850.5952500616664,1,0,516,11.873035136671563,2.9282945736434107,0.43023255813953487,-0.38851967948985777,0.6841085271317829,0.25193798449612403,0.06395348837209303
311,2,820.2332732973134,1,0,490,11.766436869255555,2.9204081632653063,0.4306122448979592,-0.36094205736170537,0.6714285714285714,0.25918367346938775,0.06938775510204082
311,3,845.5484134102063,1,1,485,11.787789350700955,2.911340206185567,0.44536082474226807,-0.3192214657765714,0.6762886597938145,0.2556701030927835,0.06804123711340206
311,4,950.772273179395,1,1,560,11.740241447811204,2.9214285714285713,0.4642857142857143,-0.26372618925990615,0.6803571428571429,0.25357142857142856,0.06607142857142857
312,1,927.0393639805297,0,0,207,10.99797824478822,2.7729468599033815,0.5652173913043478,0.2288979810787367,0.642512077294686,0.14009661835748793,0.21739130434782608
312,2,1151.3980360724784,0,0,204,11.017065851013593,2.769607843137255,0.553921568627451,0.20879739752888316,0.6421568627450981,0.1323529411764706,0.22549019607843138
312,3,1166.6966152737677,0,1,192,10.765862725636229,2.796875,0.5625,0.1980204968215799,0.640625,0.125,0.234375
312,4,1989.869426679007,0,1,180,10.765038087236379,2.827777777777778,0.5555555555555556,0.18580667601996956,0.6277777777777778,0.12222222222222222,0.25
313,1,667.9001539678477,0,0,353,11.695883922463365,2.9801699716713883,0.4702549575070821,-0.09233461405648989,0.5325779036827195,0.3371104815864023,0.13031161473087818
313,2,853.0569271788542,0,0,341,11.660039870033831,3.0117302052785924,0.45454545454545453,-0.11269309140217972,0.5454545454545454,0.3284457478005865,0.12609970674486803
313,3,1366.3678274275417,0,1,334,11.574231051384222,3.029940119760479,0.46107784431137727,-0.09373021035038404,0.5449101796407185,0.3323353293413174,0.12275449101796407
313,4,1148.3150027946215,0,1,344,11.727697305608105,3.011627906976744,0.45348837209302323,-0.1242077446502748,0.5116279069767442,0.35174418604651164,0.13662790697674418
314,1,920.7040365643271,0,0,777,11.520685228123313,2.897039897039897,0.5353925353925354,0.11359450633849771,0.5714285714285714,0.28185328185328185,0.14671814671814673
314,2,1034.377745326939,0,0,761,11.516783010789327,2.883048620236531,0.5348226018396847,0.10162317341210132,0.5768725361366623,0.27989487516425754,0.14323258869908015
314,3,1136.074143222733,0,1,743,11.550241356618386,2.9017496635262447,0.5343203230148048,0.0917013168142675,0.585464333781965,0.2772543741588156,0.13728129205921938
314,4,1144.544374504867,0,1,720,11.54512515111093,2.879166666666667,0.5194444444444445,0.05998245558803485,0.5888888888888889,0.2791666666666667,0.13194444444444445
315,1,935.3090054615831,1,0,715,11.307587216180655,3.0783216783216782,0.5328671328671328,0.015857780706664083,0.676923076923077,0.23216783216783216,0.09090909090909091
315,2,932.6966276049237,1,0,750,11.434139307495908,3.0773333333333333,0.536,-0.03368474262904116,0.6813333333333333,0.216,0.10266666666666667
315,3,953.0734305971672,1,1,740,11.485497931004204,3.1067567567567567,0.5243243243243243,-0.046545498289562,0.672972972972973,0.22162162162162163,0.10540540540540541
315,4,1102.9584874735945,1,1,715,11.463290441500083,3.088111888111888,0.5258741258741259,-0.053848353342252415,0.6713286713286714,0.22237762237762237,0.1062937062937063
316,1,918.7388004321654,1,0,796,11.18153073772693,2.9560301507537687,0.5577889447236181,0.21324283963842838,0.7625628140703518,0.12688442211055276,0.11055276381909548
316,2,990.6979637790631,1,0,770,11.140685380912984,2.9324675324675327,0.5493506493506494,0.17213037725676208,0.7532467532467533,0.12597402597402596,0.12077922077922078
316,3,1178.8943366718597,1,1,760,11.037220121404781,2.9789473684210526,0.5526315789473685,0.2032733111251396,0.756578947368421,0.12631578947368421,0.11710526315789474
316,4,1412.7703737130691,1,1,742,11.030349249630136,2.966307277628032,0.5404312668463612,0.16161293597669174,0.7601078167115903,0.11994609164420485,0.11994609164420485
317,1,1027.781833948738,1,0,207,10.820640619043342,3.101449275362319,0.5507246376811594,0.3132117801851495,0.8695652173913043,0.08695652173913043,0.043478260869565216
317,2,1145.1898537829898,1,0,223,10.829664537662945,3.098654708520179,0.5695067264573991,0.2340450557271588,0.8385650224215246,0.10762331838565023,0.053811659192825115
317,3,1129.9619393911933,1,1,226,10.738843313726736,3.0530973451327434,0.5707964601769911,0.16136078956753297,0.8495575221238938,0.09734513274336283,0.05309734513274336
317,4,1262.8130554296417,1,1,236,10.627651000100576,3.016949152542373,0.5720338983050848,0.1812237798017226,0.8559322033898306,0.09745762711864407,0.046610169491525424
318,1,1019.0593214954579,0,0,91,11.221749484399085,3.131868131868132,0.5714285714285714,0.47234488238440603,0.7032967032967034,0.25274725274725274,0.04395604395604396
318,2,1546.4283466717402,0,0,94,11.470197635351502,3.0531914893617023,0.5638297872340425,0.43354711958757364,0.6914893617021277,0.2553191489361702,0.05319148936170213
318,3,1345.6665249925434,0,1,101,11.504344184043141,3.198019801980198,0.5445544554455446,0.3890959205976018,0.6732673267326733,0.25742574257425743,0.06930693069306931
318,4,1745.1009987316747,0,1,99,11.416915633598679,3.202020202020202,0.5353535353535354,0.3725949292277636,0.6464646464646465,0.2828282828282828,0.0707070707070707
319,1,1061.7146738767747,0,0,375,10.913099821179859,3.029333333333333,0.56,0.1872660870374919,0.8053333333333333,0.08533333333333333,0.10933333333333334
319,2,1082.4459611243692,0,0,447,11.251032115083506,3.033557046979866,0.5592841163310962,0.16819297910673564,0.8098434004474273,0.09172259507829977,0.09843400447427293
319,3,1252.3189951632394,0,1,443,11.238090823831477,3.00451467268623,0.5395033860045146,0.16247861886814866,0.8126410835214447,0.08803611738148984,0.09932279909706546
319,4,1585.667602003139,0,1,420,11.240131496826343,3.0047619047619047,0.5357142857142857,0.1738829167280796,0.8142857142857143,0.0880952380952381,0.09761904761904762
320,1,896.8033915601897,0,0,299,10.830179211849655,2.8327759197324416,0.6187290969899666,0.40374380555397027,0.5083612040133779,0.3879598662207358,0.10367892976588629
320,2,1142.7710264470095,0,0,295,11.006296583108506,2.840677966101695,0.6203389830508474,0.3221160716721172,0.49830508474576274,0.3864406779661017,0.1152542372881356
320,3,1597.7746418497245,0,1,287,11.285273271632802,2.857142857142857,0.6236933797909407,0.2786733784821598,0.4843205574912892,0.3902439024390244,0.1254355400696864
320,4,1211.8066777147512,0,1,362,11.441092346370228,2.842541436464088,0.569060773480663,0.011763655843976907,0.505524861878453,0.3839779005524862,0.11049723756906077
321,1,754.3413182599102,1,0,259,11.791661389696564,3.030888030888031,0.4749034749034749,-0.4030309731282093,0.4980694980694981,0.3088803088803089,0.19305019305019305
321,2,674.2235927243493,1,0,260,11.673756333210104,3.0846153846153848,0.5076923076923077,-0.3113772881159344,0.5,0.3230769230769231,0.17692307692307693
321,3,796.4636884499329,1,1,253,11.692067073813277,3.1264822134387353,0.48616600790513836,-0.3754035921792688,0.48616600790513836,0.33201581027667987,0.18181818181818182
321,4,1019.0814867594939,1,1,245,11.693537798790434,3.159183673469388,0.46530612244897956,-0.39692753450609186,0.4857142857142857,0.3306122448979592,0.1836734693877551
322,1,664.6926534269228,1,0,254,11.937941853939485,3.1023622047244093,0.4330708661417323,-0.22112752051994697,0.5787401574803149,0.2677165354330709,0.15354330708661418
322,2,800.1328482587776,1,0,251,12.03031571548992,3.0677290836653386,0.46215139442231074,-0.1980404047484147,0.5737051792828686,0.2788844621513944,0.14741035856573706
322,3,890.7630576776165,1,1,265,11.965589813803222,3.0339622641509436,0.4716981132075472,-0.23250563547055467,0.6150943396226415,0.25660377358490566,0.12830188679245283
322,4,1080.4544800619342,1,1,320,11.989639624789758,3.040625,0.475,-0.1961329325255284,0.615625,0.259375,0.125
323,1,827.8869311641521,0,0,538,11.90809211161445,2.9851301115241635,0.4739776951672863,-0.2592757814054192,0.7286245353159851,0.19888475836431227,0.0724907063197026
323,2,864.4798435243639,0,0,520,11.813985328255946,3.026923076923077,0.4846153846153846,-0.2738347470566466,0.7326923076923076,0.19423076923076923,0.07307692307692308
323,3,973.3990597813179,0,1,501,11.776990162617476,3.0459081836327346,0.499001996007984,-0.25974105675749637,0.7345309381237525,0.18762475049900199,0.07784431137724551
323,4,1170.193528577413,0,1,485,11.736826110752691,3.022680412371134,0.4824742268041237,-0.25040387804168796,0.7402061855670103,0.19175257731958764,0.06804123711340206
324,1,898.1671398307296,0,0,1099,11.14075195524837,3.0591446769790718,0.5705186533212011,0.22652682107647576,0.7688808007279345,0.1665150136487716,0.0646041856232939
324,2,1119.7071774421195,0,0,1129,11.283342331817401,3.108060230292294,0.5695305580159433,0.14688925547523773,0.7564216120460585,0.17271922054915856,0.070859167404783
324,3,1385.5645487221288,0,1,1126,11.345408422534145,3.0746003552397867,0.5568383658969804,0.09852662479625121,0.7566607460035524,0.17229129662522202,0.07104795737122557
324,4,1412.0002549079445,0,1,1129,11.470974303652817,3.099202834366696,0.5279007971656333,0.00999144826962215,0.7626217891939769,0.16563330380868024,0.071744906997342775
325,1,914.0445725705566,1,0,232,10.44559903081163,3.038793103448276,0.6336206896551724,0.4788177342911798,0.7931034482758621,0.14655172413793102,0.0603448275862069
325,2,1070.508833741505,1,0,215,10.588236768335946,3.027906976744186,0.6093023255813953,0.41714354669333015,0.7953488372093023,0.14418604651162792,0.06046511627906977
325,3,1258.178620811312,1,1,211,10.768242648245463,3.028436018957346,0.5876777251184834,0.41754016828645685,0.8056872037914692,0.13744075829383887,0.05687203791469194
325,4,1635.119847562238,1,1,228,10.942242395583028,3.0482456140350878,0.5701754385964912,0.3875410504500134,0.8070175438596491,0.12280701754385964,0.07017543859649122
326,1,895.8314622194318,0,0,867,10.639387860840733,2.9573241061130333,0.621683967704729,0.489609674120567,0.817762399077278,0.10957324106113034,0.0726643598615917
326,2,1247.2072208198517,0,0,853,10.66719080695065,2.967174677608441,0.6189917936694022,0.4853417113106634,0.8218053927315357,0.10668229777256741,0.07151230949589683
326,3,1456.129422315644,0,1,820,10.832344058460098,2.925609756097561,0.6109756097560975,0.43725397854614173,0.823170731707317,0.1073170731707317,0.06951219512195123
326,4,1676.369815416821,0,1,816,10.97372713690444,2.969362745098039,0.5968137254901961,0.3306232316114416,0.8125,0.11764705882352941,0.06985294117647059
327,1,594.533641517108,1,0,139,11.936550479453652,2.935251798561151,0.5179856115107914,0.38716066628860457,0.7913669064748201,0.11510791366906475,0.09352517985611511
327,2,912.6034633838319,1,0,136,11.9438356281295,2.9926470588235294,0.5,0.3479324225172893,0.7941176470588235,0.11029411764705882,0.09558823529411764
327,3,1491.7656760997124,1,1,133,11.923791408384515,3.0150375939849625,0.48120300751879697,0.29611178364519686,0.8045112781954887,0.11278195488721804,0.08270676691729323
327,4,1142.1814227785753,1,1,141,11.881723891583535,3.0141843971631204,0.44680851063829785,0.08996237770367066,0.8156028368794326,0.09929078014184398,0.0851063829787234
328,1,953.1147603648552,0,0,305,11.449256769869443,2.963934426229508,0.5573770491803278,0.1752945250235561,0.9180327868852459,0.05573770491803279,0.02622950819672131
328,2,957.5705674050195,0,0,294,11.441896994717977,2.9659863945578233,0.5408163265306123,0.1345926508663515,0.9149659863945578,0.05442176870748299,0.030612244897959183
328,3,1362.4599699657492,0,1,320,11.690819844265818,3.0375,0.54375,0.06307495753013055,0.915625,0.05,0.034375
328,4,1757.7485362668817,0,1,299,11.678138128168108,2.983277591973244,0.5451505016722408,-0.011473238419720068,0.9163879598662207,0.05016722408026756,0.033444816053511704
329,1,914.8011021902989,1,0,756,11.271572689956013,3.0291005291005293,0.5436507936507936,0.20272841824857987,0.8703703703703703,0.08465608465608465,0.04497354497354497
329,2,1292.359413177334,1,0,738,11.179724631408357,3.0121951219512195,0.551490514905149,0.2254370236474765,0.8699186991869918,0.08807588075880758,0.04200542005420054
329,3,1261.9295514998191,1,1,725,11.14283493294242,2.9917241379310346,0.5420689655172414,0.2170388990472958,0.8703448275862069,0.08827586206896551,0.041379310344827586
329,4,1750.0051483236646,1,1,689,11.250440536358902,2.9869375907111757,0.5239477503628447,0.1613238135965663,0.8708272859216255,0.09143686502177069,0.03773584905660377
330,1,1022.0123956217411,0,0,821,10.839480347689127,3.035322777101096,0.6151035322777101,0.3323376736876339,0.705237515225335,0.20219244823386115,0.0925700365408039
330,2,1145.1484287229334,0,0,877,10.928180539689013,2.9806157354618015,0.5929304446978335,0.2824592315637507,0.7023945267958951,0.20866590649942987,0.08893956670467502
330,3,1284.3124572170566,0,1,858,11.042554835020956,2.958041958041958,0.5885780885780886,0.2368455185548837,0.6981351981351981,0.21328671328671328,0.08857808857808858
330,4,1275.2718066906534,0,1,888,11.192642977568966,2.9222972972972974,0.5777027027027027,0.16523389760746932,0.6880630630630631,0.21396396396396397,0.09797297297297297
331,1,760.7577065376385,0,0,124,11.983999313593307,3.2661290322580645,0.5564516129032258,0.14954711594034356,0.5483870967741935,0.28225806451612906,0.1693548387096774
331,2,837.3891052880729,0,0,147,12.106849201899076,3.2176870748299318,0.5714285714285714,0.10735874384381408,0.5306122448979592,0.2925170068027211,0.17687074829931973
331,3,880.4701051955484,0,1,141,11.903427747664077,3.1773049645390072,0.5390070921985816,0.10017102370207819,0.5319148936170213,0.28368794326241137,0.18439716312056736
331,4,904.2402488748115,0,1,149,11.852978013540113,3.2550335570469797,0.5637583892617449,0.0913112550063126,0.5503355704697986,0.28187919463087246,0.16778523489932887
332,1,798.3546828550307,0,0,587,11.589408695799342,2.8926746166950594,0.5025553662691652,-0.20455792891137412,0.797274275979557,0.131175468483816,0.07155025553662692
332,2,876.7456269864674,0,0,608,11.636461594372681,2.9588815789473686,0.506578947368421,-0.1762610181320617,0.8042763157894737,0.13486842105263158,0.06085526315789474
332,3,932.3534982649094,0,1,629,11.634315887468308,2.9952305246422894,0.5071542130365659,-0.16916214994251327,0.8044515103338633,0.13513513513513514,0.06041335453100159
332,4,1290.5517270181606,0,1,630,11.634336149806746,2.9952380952380953,0.5063492063492063,-0.19211223375232747,0.8015873015873016,0.13015873015873017,0.06825396825396825
333,1,718.973266965686,0,0,124,10.65304689564461,2.7419354838709675,0.5483870967741935,0.18001868932873535,0.6048387096774194,0.23387096774193547,0.16129032258064516
333,2,867.5795773722526,0,0,188,11.32896069629552,2.7606382978723403,0.5106382978723404,0.05502966717786995,0.574468085106383,0.26063829787234044,0.16489361702127658
333,3,975.448696168657,0,1,179,11.092295603900498,2.7597765363128492,0.4972067039106145,0.01073487260359949,0.6033519553072626,0.24581005586592178,0.15083798882681565
333,4,1169.5275594972063,0,1,168,11.061303080940501,2.7202380952380953,0.48214285714285715,-0.005401871187703115,0.6011904761904762,0.25,0.1488095238095238
334,1,729.2545932942195,0,0,186,11.706983443973499,2.9731182795698925,0.4946236559139785,0.006862764359778838,0.7365591397849462,0.16129032258064516,0.10215053763440861
334,2,864.4316804537583,0,0,179,11.743055383001929,3.016759776536313,0.4860335195530726,-0.02042573609684692,0.7094972067039106,0.17318435754189945,0.11731843575418995
334,3,860.6680951670145,0,1,197,11.848087328997124,3.0913705583756346,0.4619289340101523,-0.197447281528145,0.6954314720812182,0.17766497461928935,0.12690355329949238
334,4,977.5901112149045,0,1,251,11.935808878809537,3.051792828685259,0.3904382470119522,-0.5026983287795752,0.7290836653386454,0.1593625498007968,0.11155378486055777
335,1,868.0047602356705,1,0,319,11.185301880468067,3.012539184952978,0.6300940438871473,0.33840809923427206,0.6332288401253918,0.322884012539185,0.0438871473354232
335,2,1071.4940509990054,1,0,315,11.196977388383031,2.9523809523809526,0.6222222222222222,0.3173964267681924,0.6507936507936508,0.3047619047619048,0.044444444444444446
335,3,1107.1240168044285,1,1,316,11.166743532448816,2.939873417721519,0.6139240506329114,0.2857600081936971,0.6455696202531646,0.31329113924050633,0.04113924050632911
335,4,1338.722473445436,1,1,314,11.387218790844829,2.9904458598726116,0.5923566878980892,0.2821913444117415,0.6305732484076433,0.33121019108280253,0.03821656050955414
336,1,1013.8581317417907,1,0,328,11.714994786407305,2.9359756097560976,0.5701219512195121,0.11289098105413359,0.4481707317073171,0.24695121951219512,0.3048780487804878
336,2,945.3769727424116,1,0,322,11.457444103533657,2.940993788819876,0.5683229813664596,0.1573430079784858,0.45652173913043476,0.2422360248447205,0.30124223602484473
336,3,1166.999509011761,1,1,341,11.331963714203296,2.9589442815249267,0.5601173020527859,0.2102264395709073,0.46920821114369504,0.24633431085043989,0.2844574780058651
336,4,1352.5755120536392,1,1,322,11.47069780692961,2.984472049689441,0.5496894409937888,0.22551425350046023,0.4503105590062112,0.2608695652173913,0.2888198757763975
337,1,781.0739590571525,1,0,368,11.261094251157369,3.0380434782608696,0.483695652173913,0.12241921416599891,0.7690217391304348,0.14130434782608695,0.08967391304347826
337,2,1228.292683678596,1,0,382,11.36302485944923,2.992146596858639,0.4869109947643979,0.10937417151805093,0.7931937172774869,0.1256544502617801,0.08115183246073299
337,3,1130.7294676977083,1,1,402,11.457589821029908,2.9950248756218905,0.4900497512437811,0.09097181471470722,0.7860696517412935,0.12686567164179105,0.08706467661691543
337,4,1317.3875228095806,1,1,404,11.44642452360493,2.962871287128713,0.49257425742574257,0.09693660120753322,0.7945544554455446,0.1188118811881188,0.08663366336633663
338,1,1001.5727866261185,0,0,287,12.207584007420689,2.916376306620209,0.4529616724738676,-0.3454301493442645,0.7735191637630662,0.17073170731707318,0.05574912891986063
338,2,835.1033098644477,0,0,297,11.962716171302704,2.8653198653198655,0.47474747474747475,-0.29743769234953377,0.7744107744107744,0.17845117845117844,0.04713804713804714
338,3,895.5290967216073,0,1,279,12.039387162264441,2.960573476702509,0.45878136200716846,-0.257707880774353,0.7706093189964157,0.17562724014336917,0.053763440860215055
338,4,997.5027548481479,0,1,270,12.072555632464923,2.9592592592592593,0.46296296296296297,-0.2665107797532218,0.762962962962963,0.1814814814814815,0.05555555555555555
339,1,830.0978177105783,0,0,181,11.201973013418973,2.9060773480662982,0.47513812154696133,-0.05807003944312672,0.7734806629834254,0.143646408839779,0.08287292817679558
339,2,845.7241847107017,0,0,169,11.002135479266295,2.863905325443787,0.48520710059171596,0.015606134013346692,0.7692307692307693,0.14792899408284024,0.08284023668639054
339,3,1049.93368433833,0,1,167,11.06283308456532,2.9161676646706587,0.5149700598802395,0.016434910548224317,0.7784431137724551,0.1497005988023952,0.0718562874251497
339,4,1268.212546952523,0,1,173,11.092719981016826,2.8554913294797686,0.4913294797687861,-0.007834828199426188,0.791907514450867,0.13872832369942195,0.06936416184971098
340,1,731.3277480001916,1,0,953,12.015883363491254,3.031479538300105,0.4753410283315845,-0.40816504913140006,0.4354669464847849,0.39034627492130114,0.17418677859391396
340,2,890.1352647987128,1,0,927,11.936300447354972,3.030204962243797,0.4714131607335491,-0.3876366536041085,0.447680690399137,0.37971952535059333,0.1725997842502697
340,3,1018.9336422913856,1,1,939,11.932622611734958,3.0308839190628327,0.46645367412140576,-0.38605039592215423,0.44195953141640043,0.3865814696485623,0.17145899893503727
340,4,1169.4100358755036,1,1,988,11.877814946582363,3.067813765182186,0.47368421052631576,-0.38322076348769796,0.4382591093117409,0.3917004048582996,0.1700404858299595
341,1,816.0085608505442,1,0,983,11.509828062730762,3.0895218718209563,0.5493387589013224,0.03682458383594253,0.4903357070193286,0.26042726347914547,0.24923702950152593
341,2,1066.7399013841955,1,0,991,11.658066730922062,3.0958627648839556,0.5459132189707366,0.003413585093433079,0.49041372351160445,0.25832492431886983,0.2512613521695257
341,3,1162.208856996376,1,1,948,11.580045600430307,3.1265822784810124,0.5506329113924051,0.021942427863015524,0.49261603375527424,0.25738396624472576,0.25
341,4,1232.7586256115014,1,1,952,11.809908887886113,3.1554621848739495,0.5399159663865546,-0.1080285208169146,0.4884453781512605,0.2552521008403361,0.25630252100840334
342,1,747.1706620626513,0,0,89,10.997150410280598,2.550561797752809,0.43820224719101125,-0.14861453955827014,0.7303370786516854,0.15730337078651685,0.11235955056179775
342,2,924.1182358716294,0,0,83,11.657130632654377,2.6987951807228914,0.46987951807228917,-0.08719760398254892,0.7590361445783133,0.12048192771084337,0.12048192771084337
342,3,1010.4644476901206,0,1,106,11.430994575789057,2.6226415094339623,0.4811320754716981,-0.10027598124660618,0.7641509433962265,0.11320754716981132,0.12264150943396226
342,4,1052.4769485695938,0,1,93,11.409398803852707,2.6559139784946235,0.4731182795698925,-0.0835846042692571,0.7634408602150538,0.11827956989247312,0.11827956989247312
343,1,773.5422105549403,0,0,514,12.198005341402418,2.9357976653696496,0.4688715953307393,-0.30651020117052297,0.7062256809338522,0.22568093385214008,0.06809338521400778
343,2,995.1199463056263,0,0,502,12.160207829900255,2.8924302788844622,0.4960159362549801,-0.2521619888998326,0.7191235059760956,0.21115537848605578,0.0697211155378486
343,3,983.1919369940099,0,1,480,11.9439128571307,2.8875,0.5,-0.20222422422965633,0.71875,0.21875,0.0625
343,4,1496.3874057953738,0,1,472,11.876931471085138,2.906779661016949,0.5211864406779662,-0.1525186485871585,0.711864406779661,0.2266949152542373,0.0614406779661017
344,1,925.866786233022,1,0,1660,11.417131977585338,2.944578313253012,0.5620481927710843,0.12036922954606595,0.6403614457831325,0.22590361445783133,0.13373493975903614
344,2,967.3437901080804,1,0,1704,11.5788390778286,2.971830985915493,0.5328638497652582,0.01751895901052596,0.6338028169014085,0.2306338028169014,0.13556338028169015
344,3,1179.0613174339499,1,1,1763,11.442098605738826,2.960294951786727,0.5382870107770845,0.04881800212699194,0.6432217810550198,0.2251843448667045,0.13159387407827566
344,4,1344.9874455536496,1,1,1843,11.465345938957755,2.948453608247423,0.5333695062398264,0.030460525638956376,0.6332067281606077,0.23602821486706457,0.13076505697232774
345,1,580.7355511601036,0,0,102,12.027447231625452,2.9411764705882355,0.6078431372549019,-0.03331077590577597,0.5980392156862745,0.27450980392156865,0.12745098039215685
345,2,893.648365865509,0,0,105,12.361529622592155,2.980952380952381,0.6095238095238096,-0.10757492236551476,0.5714285714285714,0.3047619047619048,0.12380952380952381
345,3,1349.8439833790837,0,1,115,12.280718109566939,3.026086956521739,0.6,-0.0762832031095265,0.5391304347826087,0.3130434782608696,0.14782608695652175
345,4,1008.5750005335163,0,1,133,12.399582252907631,2.9473684210526314,0.5488721804511278,-0.1706171492425227,0.5263157894736842,0.3383458646616541,0.13533834586466165
346,1,790.8966834802688,0,0,485,11.002081489990648,3.0103092783505154,0.5958762886597938,0.2749098914062633,0.7195876288659794,0.17938144329896907,0.10103092783505155
346,2,1059.758513558812,0,0,459,10.951363229508692,2.9869281045751634,0.5904139433551199,0.2650982053160565,0.7363834422657952,0.17429193899782136,0.08932461873638345
346,3,1313.2888549722159,0,1,470,11.17939297628342,3.023404255319149,0.5808510638297872,0.2718038845503045,0.7425531914893617,0.18085106382978725,0.07659574468085106
346,4,1589.5979647851457,0,1,462,11.13148301606544,2.997835497835498,0.577922077922078,0.23050941431242802,0.7532467532467533,0.18181818181818182,0.06493506493506493
347,1,848.7987506167061,1,0,415,11.146020828872034,2.8674698795180724,0.5807228915662651,0.2622517282870356,0.5759036144578313,0.2385542168674699,0.1855421686746988
347,2,1132.9327373087083,1,0,423,11.191540681719825,2.855791962174941,0.5815602836879432,0.21310417005946133,0.5791962174940898,0.23167848699763594,0.18912529550827423
347,3,1287.4782254519714,1,1,410,11.3026029328759,2.8365853658536584,0.5926829268292683,0.17087367822123195,0.573170731707317,0.23414634146341465,0.1926829268292683
347,4,1397.603019840981,1,1,416,11.54479540551822,2.8533653846153846,0.5649038461538461,0.06988711215782392,0.5745192307692307,0.22596153846153846,0.19951923076923078
348,1,1160.9724701002854,1,0,1540,11.013441947851973,2.946103896103896,0.5805194805194805,0.330034183622471,0.7305194805194806,0.1383116883116883,0.13116883116883116
348,2,1293.2814964697207,1,0,1523,11.082678623853056,2.9304005252790546,0.5732107682206172,0.27707745791816213,0.7294812869336835,0.1365725541694025,0.133946158896914
348,3,1500.3049793487876,1,1,1482,11.137149145624825,2.948717948717949,0.5668016194331984,0.23881564727230273,0.7246963562753036,0.14035087719298245,0.1349527665317139
348,4,1649.52795825627,1,1,1478,11.282190248455759,2.9580514208389714,0.5669824086603519,0.19334693471570638,0.7253044654939107,0.13734776725304465,0.13734776725304465
349,1,858.3934260517831,1,0,1016,11.57514685416683,2.920275590551181,0.5177165354330708,-0.06829549898645511,0.6899606299212598,0.19488188976377951,0.11515748031496063
349,2,1031.1177193236178,1,0,1045,11.60200552472328,2.9492822966507175,0.5253588516746411,-0.05316625835773423,0.6899521531100479,0.19712918660287082,0.11291866028708133
349,3,1087.576288665838,1,1,1016,11.557005136610767,2.949803149606299,0.5196850393700787,-0.06165447835203338,0.6820866141732284,0.20275590551181102,0.11515748031496063
349,4,1107.9119498862578,1,1,1001,11.623269539896697,3,0.5134865134865135,-0.04811440368737765,0.6813186813186813,0.1968031968031968,0.12187812187812187
350,1,716.8830495013042,1,0,250,11.203155786523554,2.996,0.552,0.32029240088124067,0.776,0.144,0.08
350,2,946.3652470913514,1,0,334,11.5291604738128,2.9850299401197606,0.5029940119760479,0.24349896169132174,0.7784431137724551,0.1407185628742515,0.08083832335329341
350,3,935.970266742022,1,1,326,11.400051225602327,3.01840490797546,0.5061349693251533,0.22622901286339553,0.7883435582822086,0.12883435582822086,0.08282208588957055
350,4,1239.6658777014627,1,1,313,11.457513718721003,2.9648562300319488,0.5143769968051118,0.21543210011740488,0.7955271565495208,0.12779552715654952,0.07667731629392971
351,1,764.8220929859061,0,0,614,11.732836627383636,3.0749185667752443,0.5228013029315961,-0.013450042408047813,0.6661237785016286,0.2182410423452769,0.11563517915309446
351,2,1033.2830904637824,0,0,607,11.63325046689835,3.0675453047775947,0.5255354200988468,-0.0033533921845733243,0.6589785831960461,0.2257001647446458,0.11532125205930807
351,3,1031.9808736063712,0,1,619,11.652556265737509,3.0403877221324715,0.5282714054927302,-0.004327414435901822,0.6704361873990307,0.21647819063004847,0.11308562197092084
351,4,1129.577179602203,0,1,610,11.592783286662783,3.040983606557377,0.5295081967213114,-0.024837821226167133,0.6721311475409836,0.22131147540983606,0.10655737704918032
352,1,927.8550330416083,1,0,165,10.562975795151491,2.8424242424242423,0.6121212121212121,0.5363470247181285,0.5696969696969697,0.3878787878787879,0.04242424242424243
352,2,1234.5489342869494,1,0,159,10.63611815389017,2.9182389937106916,0.610062893081761,0.47430345334654606,0.559748427672956,0.39622641509433965,0.0440251572327044
352,3,1178.868374691839,1,1,151,10.415388463475944,2.9602649006622515,0.6026490066225165,0.47367394356268827,0.543046357615894,0.3973509933774834,0.059602649006622516
352,4,2300.730255461097,1,1,145,10.388953632289539,2.9310344827586206,0.6137931034482759,0.4464773378058152,0.5517241379310345,0.3931034482758621,0.05517241379310345
353,1,913.2429836062252,0,0,1373,10.832629802233914,3.040058266569556,0.6183539694100509,0.47321180799212,0.844136926438456,0.10342316096139839,0.05243991260014567
353,2,1132.9168821138542,0,0,1365,10.840139771428207,3.0043956043956044,0.6175824175824176,0.4621292249533073,0.8454212454212454,0.10402930402930403,0.05054945054945055
353,3,1357.2638453431869,0,1,1382,10.995350911825774,3.024602026049204,0.6041968162083936,0.4121704586334191,0.8400868306801736,0.10709117221418235,0.052821997105643996
353,4,1584.7862936091146,0,1,1340,10.933445139188468,3.042537313432836,0.5962686567164179,0.3986386926879818,0.8395522388059702,0.10746268656716418,0.05298507462686567
354,1,840.2634368741965,0,0,1371,11.464020132083373,3.0189642596644783,0.5419401896425966,-0.03286109253947819,0.7264770240700219,0.12545587162654998,0.14806710430342815
354,2,999.7073977446752,0,0,1343,11.428466174304983,2.990320178704393,0.5554728220402085,0.0024715069956135456,0.7297096053611318,0.12360387192851824,0.14668652271034996
354,3,1158.368115539845,0,1,1322,11.450472720980473,2.9992435703479576,0.5506807866868382,-0.018142028902669215,0.7382753403933434,0.12178517397881997,0.13993948562783662
354,4,1336.9417986866986,0,1,1223,11.527571121370118,3.011447260834015,0.552739165985282,-0.024393447396438225,0.7334423548650858,0.12183156173344235,0.14472608340147178
355,1,1157.3434262380733,0,0,166,10.891027608288791,3.0180722891566263,0.6024096385542169,0.2986707653970171,0.6626506024096386,0.1144578313253012,0.22289156626506024
355,2,1103.8674741099871,0,0,188,10.852589661279945,3.047872340425532,0.601063829787234,0.3005157014208257,0.6702127659574468,0.10106382978723404,0.22872340425531915
355,3,1147.9450351372411,0,1,199,10.95158155744558,2.9547738693467336,0.5879396984924623,0.2922436201783975,0.6834170854271356,0.10050251256281408,0.21608040201005024
355,4,1262.4711750120432,0,1,193,10.811147216847857,2.9326424870466323,0.5854922279792746,0.2610431518026308,0.6787564766839378,0.09844559585492228,0.22279792746113988
356,1,799.017215180929,0,0,1372,11.045602347361898,3.0386297376093294,0.6056851311953353,0.4080901457082539,0.6683673469387755,0.18075801749271136,0.15087463556851313
356,2,1088.7943520118733,0,0,1376,11.129693900363337,3.042151162790698,0.5981104651162791,0.3670620141849725,0.6700581395348837,0.18095930232558138,0.14898255813953487
356,3,1332.0838453157792,0,1,1345,11.123963403840486,3.012639405204461,0.5925650557620817,0.35013626740964654,0.6721189591078067,0.18066914498141265,0.14721189591078068
356,4,1370.0930795908907,0,1,1429,11.130710394985702,3.0083974807557734,0.5899230230930721,0.31689757780647876,0.6745976207137858,0.18824352694191743,0.1371588523442967
357,1,791.5693372221316,0,0,443,11.582715067243278,3.0970654627539504,0.5801354401805869,0.07515494408210921,0.6681715575620768,0.22799097065462753,0.1038374717832957
357,2,980.4411453969116,0,0,431,11.611850705095895,3.039443155452436,0.5730858468677494,0.0712253080398302,0.6635730858468677,0.23433874709976799,0.10208816705336426
357,3,1343.252202900997,0,1,426,11.592550620406008,3.051643192488263,0.568075117370892,0.08219356215294593,0.6619718309859155,0.2300469483568075,0.107981220657277
357,4,1524.0542270286776,0,1,434,11.555644920112973,3.064516129032258,0.5737327188940092,0.08342172879138451,0.6543778801843319,0.23732718894009217,0.10829493087557604
358,1,769.4149957249737,0,0,427,11.688511159058914,2.9836065573770494,0.5245901639344263,-0.12101680434333595,0.6229508196721312,0.2505854800936768,0.12646370023419204
358,2,1000.2944887744771,0,0,411,11.487705095654222,2.9708029197080292,0.51338199513382,-0.09058907670612065,0.6228710462287105,0.25304136253041365,0.12408759124087591
358,3,1085.4974381795632,0,1,395,11.47719689122145,2.949367088607595,0.5113924050632911,-0.08776013431765638,0.6278481012658228,0.2430379746835443,0.1291139240506329
358,4,1139.3977889457435,0,1,388,11.42784177112627,2.9329896907216493,0.5231958762886598,-0.06287131416037485,0.6469072164948454,0.22938144329896906,0.12371134020618557
359,1,740.923760579658,0,0,403,10.630198772416021,2.9528535980148884,0.5806451612903226,0.25826254627108935,0.6600496277915633,0.2679900744416873,0.07196029776674938
359,2,1158.2923384227,0,0,434,10.738989522132123,2.9953917050691246,0.5783410138248848,0.23080464497605502,0.6543778801843319,0.2672811059907834,0.07834101382488479
359,3,1103.2748988480475,0,1,537,11.089777460305182,2.9869646182495346,0.5400372439478585,0.13018387262197736,0.6629422718808193,0.2681564245810056,0.06890130353817504
359,4,1430.7995201356257,0,1,531,11.346444804438352,3.0395480225988702,0.5329566854990584,0.09634278145267537,0.664783427495292,0.2674199623352166,0.06779661016949153
360,1,999.6762845663034,0,0,464,11.480688687999136,2.9827586206896552,0.5301724137931034,0.049357433241524175,0.8900862068965517,0.08620689655172414,0.023706896551724137
360,2,1005.0123970680442,0,0,544,11.78755514278143,2.957720588235294,0.47794117647058826,-0.20507968948100316,0.8841911764705882,0.09191176470588236,0.02389705882352941
360,3,1148.7528385084063,0,1,563,11.98260450436687,2.927175843694494,0.4511545293072824,-0.2977610453550743,0.8863232682060391,0.0905861456483126,0.023090586145648313
360,4,1320.8648501032287,0,1,565,11.983247036416982,2.9876106194690264,0.4407079646017699,-0.35262646805228826,0.8849557522123894,0.0920353982300885,0.023008849557522124
361,1,677.2270599117484,1,0,233,11.54924768288946,2.982832618025751,0.5236051502145923,-0.0590022504259888,0.6523605150214592,0.2918454935622318,0.055793991416309016
361,2,720.9916577042974,1,0,231,11.703816007721166,3,0.5151515151515151,-0.0956576539605556,0.6363636363636364,0.3116883116883117,0.05194805194805195
361,3,980.1668307849372,1,1,245,11.700079964221327,2.983673469387755,0.5224489795918368,-0.060573482829989554,0.6489795918367347,0.30612244897959184,0.044897959183673466
361,4,1132.4536580706383,1,1,261,11.557713885513637,3.053639846743295,0.5363984674329502,-0.10564466688650553,0.6590038314176245,0.2988505747126437,0.0421455938697318
362,1,863.0324448281781,1,0,1143,11.253479543239273,2.963254593175853,0.5826771653543307,0.2245587531679107,0.7060367454068242,0.15485564304461943,0.13910761154855644
362,2,1125.1952096827447,1,0,1122,11.335632584458637,2.9670231729055256,0.5828877005347594,0.18710828975803523,0.7112299465240641,0.15151515151515152,0.13725490196078433
362,3,1142.8089635470685,1,1,1087,11.339689515264903,2.9586016559337627,0.5758969641214351,0.16796061238400573,0.702851885924563,0.15639374425023,0.140754369825207
362,4,1284.44185850473,1,1,1103,11.305744138227869,2.9773345421577515,0.5675430643699003,0.1259228654154228,0.7035358114233907,0.15503173164097914,0.1414324569356301
363,1,901.2744885823395,0,0,146,11.504311341607044,3.3698630136986303,0.4589041095890411,-0.12137757113322466,0.636986301369863,0.2876712328767123,0.07534246575342465
363,2,1139.3373841108141,0,0,150,11.61739043673711,3.4,0.44666666666666666,-0.07038992931631538,0.6266666666666667,0.3,0.07333333333333333
363,3,1048.2627911335135,0,1,145,11.491278960250357,3.331034482758621,0.4482758620689655,-0.08710042674888106,0.6137931034482759,0.31724137931034485,0.06896551724137931
363,4,1277.7383066200412,0,1,138,11.575000069564496,3.239130434782609,0.4855072463768116,-0.026868363117778387,0.6159420289855072,0.3188405797101449,0.06521739130434782
364,1,665.4126427855477,0,0,516,12.052109261000567,3.0368217054263567,0.4728682170542636,-0.50167168853398,0.7209302325581395,0.21124031007751937,0.06782945736434108
364,2,850.5976991741187,0,0,558,12.087815868532516,3.057347670250896,0.4838709677419355,-0.48310078869483836,0.7258064516129032,0.2060931899641577,0.06810035842293907
364,3,840.8385411509839,0,1,573,12.044234407750098,3.0698080279232114,0.4886561954624782,-0.42349977886610163,0.7294938917975567,0.19895287958115182,0.07155322862129145
364,4,1141.822030370248,0,1,547,11.913601297364208,3.0658135283363803,0.48811700182815354,-0.39782707074034696,0.7367458866544789,0.19012797074954296,0.07312614259597806
365,1,940.1757382860932,1,0,1253,11.024069525311477,3.0159616919393457,0.6145251396648045,0.41582278570940273,0.641660015961692,0.25219473264166004,0.10614525139664804
365,2,1131.8091849675561,1,0,1271,11.111861168527163,3.027537372147915,0.6034618410700237,0.3509213930366842,0.6396538158929976,0.25727773406766324,0.10306845003933911
365,3,1329.025810080597,1,1,1217,11.067995137668271,3.047658175842235,0.5949055053410025,0.3418147913899379,0.6491372226787182,0.2530813475760066,0.09778142974527526
365,4,1687.9607072882136,1,1,1198,11.092079787944048,3.0684474123539234,0.5918196994991652,0.30730939342602637,0.6435726210350584,0.2587646076794658,0.09766277128547579
366,1,952.9889404095094,1,0,485,10.674564179844962,2.9237113402061854,0.6206185567010309,0.29512853578120213,0.8185567010309278,0.09896907216494845,0.08247422680412371
366,2,1381.6926768705725,1,0,482,10.785281229933172,2.912863070539419,0.6120331950207469,0.30271177814688355,0.8215767634854771,0.0995850622406639,0.07883817427385892
366,3,1632.2537621580932,1,1,476,10.84899899139386,2.918067226890756,0.5987394957983193,0.2697811893281936,0.8298319327731093,0.09453781512605042,0.07563025210084033
366,4,1579.7328681858264,1,1,492,10.751988921808692,2.959349593495935,0.6138211382113821,0.22891123129861138,0.8252032520325203,0.09349593495934959,0.08130081300813008
367,1,667.9001486492638,1,0,60,13.289276536810744,3.066666666666667,0.38333333333333336,-1.0866797796690306,0.7166666666666667,0.11666666666666667,0.16666666666666666
367,2,377.05040629057515,1,0,70,13.61619807573803,2.9285714285714284,0.34285714285714286,-1.1293054341436313,0.7714285714285715,0.1,0.12857142857142856
367,3,576.474842699271,1,1,73,13.33195925117318,2.8767123287671232,0.3424657534246575,-0.9951345333034309,0.726027397260274,0.1095890410958904,0.1643835616438356
367,4,725.7328719134505,1,1,81,12.531549955436757,3.037037037037037,0.4567901234567901,-0.6855638824253522,0.6790123456790124,0.1111111111111111,0.20987654320987653
368,1,939.2732664905037,1,0,320,10.487954074253848,3.15625,0.653125,0.41899381741132824,0.6875,0.25,0.0625
368,2,1364.0357832303696,1,0,312,10.601276383877101,3.176282051282051,0.6410256410256411,0.3552767435973795,0.6826923076923077,0.2564102564102564,0.060897435897435896
368,3,1409.30589552192,1,1,317,10.763351591044913,3.1514195583596214,0.6088328075709779,0.2319032145439105,0.694006309148265,0.25236593059936907,0.05362776025236593
368,4,1501.7351463159303,1,1,296,10.851486175035797,3.070945945945946,0.6182432432432432,0.25124648233602825,0.6959459459459459,0.2533783783783784,0.05067567567567568
369,1,712.6453946717644,0,0,351,11.595507416747695,2.9458689458689458,0.5754985754985755,0.018938122637826918,0.7663817663817664,0.1452991452991453,0.08831908831908832
369,2,977.6602549211514,0,0,343,11.359764190314348,2.9825072886297375,0.5685131195335277,0.021416751538342937,0.7725947521865889,0.14285714285714285,0.08454810495626822
369,3,1292.551230889164,0,1,335,11.22794941214002,3.005970149253731,0.582089552238806,0.03233876115855511,0.7492537313432835,0.14925373134328357,0.10149253731343283
369,4,1140.999224510449,0,1,342,11.302887208313894,2.9415204678362574,0.5409356725146199,-0.0028277220811967732,0.7660818713450293,0.14327485380116958,0.09064327485380116
370,1,926.7079204759865,1,0,1802,11.234873772587422,2.967258601553829,0.5821309655937846,0.2983200918954329,0.7613762486126526,0.15427302996670367,0.08435072142064373
370,2,1130.4201473633834,1,0,1803,11.35810163675923,2.9678313921242374,0.5657237936772047,0.20022764475635352,0.7603993344425957,0.15030504714364948,0.08929561841375486
370,3,1272.7094147360347,1,1,2014,11.471572411646429,3.0069513406156902,0.5377358490566038,0.08728983122767248,0.7547169811320755,0.1564051638530288,0.08887785501489573
370,4,1421.5736959037852,1,1,2140,11.462483813688625,2.9976635514018692,0.5271028037383177,0.04553151193338197,0.7481308411214953,0.16074766355140188,0.0911214953271028
371,1,960.2923951055641,1,0,1058,11.14178010462284,2.9659735349716447,0.5623818525519849,0.22998449910845853,0.610586011342155,0.2051039697542533,0.1843100189035917
371,2,1079.8388582994012,1,0,1061,11.062840674030134,2.9905749293119697,0.5617342130065975,0.20332128521602982,0.6163996229971724,0.1998114985862394,0.18378887841658811
371,3,1241.3918573403193,1,1,1043,11.166022521439993,2.99424736337488,0.5675934803451582,0.18783030803739717,0.6241610738255033,0.19463087248322147,0.18120805369127516
371,4,1375.457521046314,1,1,978,11.180116410434186,2.9959100204498976,0.558282208588957,0.18032729227277983,0.6165644171779141,0.19938650306748465,0.18404907975460122
372,1,767.9221147673564,0,0,1253,12.32234598923929,3.1045490822027135,0.4565043894652833,-0.4024662865463292,0.62170790103751,0.2194732641660016,0.15881883479648842
372,2,982.8557341818322,0,0,1243,12.212394929167019,3.101367658889783,0.46983105390185037,-0.3364431360139037,0.6162510056315366,0.2244569589702333,0.1592920353982301
372,3,961.1790779667882,0,1,1267,12.3342113497316,3.112865035516969,0.46093133385951063,-0.36232767473060923,0.6156274664561957,0.22415153906866614,0.16022099447513813
372,4,1040.5583057072681,0,1,1189,12.230720708303524,3.080740117746005,0.4667788057190917,-0.3234121219073081,0.6232127838519764,0.21783010933557612,0.15895710681244743
373,1,862.9815946353818,1,0,755,11.6284769560352,3.0543046357615893,0.5218543046357615,0.021948963912459134,0.3615894039735099,0.4463576158940397,0.19205298013245034
373,2,1120.1771462014024,1,0,749,11.73851791096679,3.076101468624833,0.5180240320427236,-0.022487766126918666,0.36315086782376504,0.43391188251001334,0.20293724966622162
373,3,1223.3664425689396,1,1,750,11.678823953608207,3.0906666666666665,0.524,-0.01905064859032399,0.36133333333333334,0.43733333333333335,0.20133333333333334
373,4,1337.4337537288638,1,1,730,11.6675846244622,3.1123287671232878,0.5205479452054794,-0.014407043183473025,0.3684931506849315,0.4328767123287671,0.19863013698630136
374,1,838.708138638373,1,0,447,11.0697982916939,2.9798657718120807,0.6263982102908278,0.26761594168686387,0.4519015659955257,0.407158836689038,0.14093959731543623
374,2,1319.8753862088413,1,0,454,10.99254572043934,2.9713656387665197,0.6101321585903083,0.2511701647611224,0.42951541850220265,0.42731277533039647,0.14317180616740088
374,3,1408.8929973093636,1,1,448,11.21053782328014,3.0245535714285716,0.59375,0.16589060651409196,0.4642857142857143,0.40848214285714285,0.12723214285714285
374,4,1491.4932823800548,1,1,426,11.106950038969108,3.0211267605633805,0.596244131455399,0.15674094144853531,0.460093896713615,0.4084507042253521,0.13145539906103287
375,1,1178.8528169696447,0,0,218,10.814284063922813,2.8486238532110093,0.6422018348623854,0.31905106699075536,0.7110091743119266,0.1743119266055046,0.11467889908256881
375,2,1186.9789234612326,0,0,223,10.97029218417206,2.798206278026906,0.6143497757847534,0.2356587542538129,0.7040358744394619,0.17937219730941703,0.11659192825112108
375,3,1173.1798454531186,0,1,247,11.083437650200034,2.805668016194332,0.6032388663967612,0.14891265865753148,0.6963562753036437,0.18218623481781376,0.1214574898785425
375,4,1357.3659868054272,0,1,251,11.22618016015436,2.7928286852589643,0.6055776892430279,0.15966384017287735,0.6772908366533864,0.17928286852589642,0.14342629482071714
376,1,1001.5178490765337,1,0,538,10.9796977746638,3.191449814126394,0.6245353159851301,0.42163900917051855,0.7193308550185874,0.10223048327137546,0.17843866171003717
376,2,1137.3600454545494,1,0,556,11.098031857971177,3.1780575539568345,0.6079136690647482,0.33117606605498173,0.7122302158273381,0.10431654676258993,0.18345323741007194
376,3,1777.8406101328612,1,1,523,11.155696042743406,3.1816443594646273,0.6118546845124283,0.2974853146306674,0.7151051625239006,0.10516252390057361,0.17973231357552583
376,4,1599.0216094530665,1,1,555,11.15884298963906,3.1405405405405404,0.5945945945945946,0.22067098401909177,0.7135135135135136,0.1045045045045045,0.18198198198198198
377,1,833.8010246374214,0,0,428,11.54016470008094,3.053738317757009,0.4649532710280374,-0.1883320503963167,0.8387850467289719,0.09813084112149532,0.0630841121495327
377,2,849.4435825463718,0,0,457,11.524052622665137,3.0656455142231946,0.4485776805251641,-0.15832468170809047,0.849015317286652,0.08533916849015317,0.06564551422319474
377,3,846.798024830903,0,1,442,11.595251362248558,3.0995475113122173,0.45248868778280543,-0.16248941180870186,0.8484162895927602,0.08144796380090498,0.07013574660633484
377,4,916.2685818974275,0,1,470,11.709755743764243,3.076595744680851,0.4425531914893617,-0.2584076669919858,0.8382978723404255,0.09574468085106383,0.06595744680851064
378,1,772.9747186498956,0,0,141,11.569644139977225,2.9432624113475176,0.5531914893617021,-0.10400189626607215,0.8156028368794326,0.04964539007092199,0.1347517730496454
378,2,1011.4735222935841,0,0,138,11.686936409485554,2.898550724637681,0.5362318840579711,-0.16116199159139466,0.8043478260869565,0.057971014492753624,0.13768115942028986
378,3,1073.598538767393,0,1,130,11.693106413242312,2.8615384615384616,0.5846153846153846,-0.16224516648871734,0.7769230769230769,0.06923076923076923,0.15384615384615385
378,4,955.4439913550656,0,1,123,11.682463547959173,3.008130081300813,0.5609756097560976,-0.15160593301779254,0.8048780487804879,0.06504065040650407,0.13008130081300814
379,1,696.2655441790243,0,0,1804,11.759760174857204,2.997782705099778,0.5049889135254989,-0.13957087876218657,0.529379157427938,0.22172949002217296,0.24889135254988914
379,2,922.87904470776175,0,0,1861,11.77228372221998,3.0059108006448145,0.5056421278882322,-0.16405723227349595,0.5287479849543256,0.21923696937130574,0.2520150456743686
379,3,1061.152297850582,0,1,1797,11.751649963143754,2.9944351697273235,0.5086254869226489,-0.1569272921052702,0.5492487479131887,0.20756816917084028,0.24318308291597107
379,4,1132.7100857818837,0,1,1750,11.805593766600996,3.0011428571428573,0.52,-0.14361180733439324,0.5428571428571428,0.20857142857142857,0.24857142857142858
380,1,750.4337547684227,0,0,391,11.831834628210919,2.915601023017903,0.48081841432225064,-0.22040918062387244,0.731457800511509,0.12531969309462915,0.1432225063938619
380,2,830.8554525444868,0,0,409,11.795921428670182,2.9315403422982884,0.4792176039119804,-0.19525102988233908,0.7334963325183375,0.1295843520782396,0.13691931540342298
380,3,1130.2861315432597,0,1,442,11.734179196017829,2.8529411764705883,0.48868778280542985,-0.2276214971379082,0.746606334841629,0.12217194570135746,0.13122171945701358
380,4,1241.485760507832,0,1,412,11.541289424717599,2.9854368932038833,0.4854368932038835,-0.2616923360093739,0.7621359223300971,0.11650485436893204,0.12135922330097088
381,1,914.6405598320545,1,0,1201,10.800072243902672,3.038301415487094,0.6286427976686095,0.49135405568539414,0.8068276436303081,0.07660283097418817,0.11656952539550375
381,2,1282.4718248295849,1,0,1206,10.946782035313376,3.0323383084577116,0.6194029850746269,0.42210683346249256,0.802653399668325,0.08043117744610281,0.11691542288557213
381,3,1361.966904704042,1,1,1240,11.10213558892601,3.035483870967742,0.6072580645161291,0.3661854924587671,0.8,0.07661290322580645,0.12338709677419354
381,4,1575.2693972424047,1,1,1253,11.178544347022445,3.0718276137270553,0.592976855546688,0.3038169111179364,0.7972865123703112,0.07741420590582601,0.12529928172386273
382,1,993.9922532233479,0,0,287,11.36398943333519,2.975609756097561,0.5818815331010453,0.08495364960384223,0.4634146341463415,0.3588850174216028,0.17770034843205576
382,2,942.7348689543938,0,0,284,11.190897862321423,2.954225352112676,0.5809859154929577,0.10193911445928476,0.4471830985915493,0.36971830985915494,0.18309859154929578
382,3,912.5316804271648,0,1,332,11.285853733950878,2.9096385542168677,0.5753012048192772,0.11413680504063756,0.4457831325301205,0.3795180722891566,0.1746987951807229
382,4,1241.7485331101432,0,1,321,11.37694809390353,2.940809968847352,0.5700934579439252,0.09466121710013393,0.43613707165109034,0.38006230529595014,0.1838006230529595
383,1,865.1791597479362,0,0,485,10.72582637894414,2.863917525773196,0.6123711340206186,0.4396269208094345,0.6639175257731958,0.22268041237113403,0.1134020618556701
383,2,1223.186281767049,0,0,490,10.640547499833001,2.869387755102041,0.5918367346938775,0.4132964993621612,0.6673469387755102,0.22448979591836735,0.10816326530612246
383,3,1569.6755107816805,0,1,487,10.689122081686214,2.885010266940452,0.5893223819301848,0.3709136962145155,0.6550308008213552,0.22587268993839835,0.11909650924024641
383,4,1519.5943401665147,0,1,469,10.811984225709482,2.886993603411514,0.5628997867803838,0.3024216599820955,0.6567164179104478,0.22174840085287847,0.12153518123667377
384,1,1124.8200544899469,1,0,231,10.633662902051372,3.012987012987013,0.6060606060606061,0.41647332488000977,0.6363636363636364,0.18181818181818182,0.18181818181818182
384,2,1295.7252464438573,1,0,236,10.711399346639949,2.9915254237288136,0.6016949152542372,0.42366830802025873,0.635593220338983,0.17796610169491525,0.1864406779661017
384,3,1680.5045864115746,1,1,270,11.178840371029523,3.0925925925925926,0.5518518518518518,0.29826129209617736,0.6111111111111112,0.1814814814814815,0.2074074074074074
384,4,1707.0103191896496,1,1,256,10.943661272357053,3.11328125,0.53125,0.23948813649968154,0.5859375,0.20703125,0.20703125
385,1,897.5429437051632,0,0,90,11.59568624678716,2.922222222222222,0.5888888888888889,0.037366582799375284,0.5,0.34444444444444444,0.15555555555555556
385,2,840.1696703688318,0,0,104,11.357494829893223,2.875,0.5576923076923077,0.07096840654317207,0.5288461538461539,0.3076923076923077,0.16346153846153846
385,3,1191.3414841770857,0,1,109,11.718931429957111,2.889908256880734,0.5596330275229358,0.13788564879825915,0.5229357798165137,0.3119266055045872,0.1651376146788991
385,4,1271.8585050971626,0,1,104,11.546439353363086,2.875,0.5096153846153846,0.03463691519547416,0.5,0.3269230769230769,0.17307692307692307
386,1,667.0631902681995,1,0,615,11.584220386058607,2.991869918699187,0.49105691056910566,-0.1445843765018147,0.8422764227642277,0.1008130081300813,0.056910569105691054
386,2,967.8913332052022,1,0,598,11.686730444302125,2.9765886287625416,0.4899665551839465,-0.1634186059608169,0.842809364548495,0.1020066889632107,0.05518394648829431
386,3,932.049761220958,1,1,616,11.806984934676969,2.9318181818181817,0.47564935064935066,-0.30567030060677225,0.8441558441558441,0.10714285714285714,0.048701298701298704
386,4,1059.0976777681224,1,1,608,11.788900735740338,2.9095394736842106,0.4934210526315789,-0.22597779576575355,0.84375,0.10855263157894737,0.047697368421052634
387,1,965.4385572201513,0,0,457,11.216044889545895,2.991247264770241,0.5514223194748359,0.08597497439794693,0.5536105032822757,0.2275711159737418,0.2188183807439825
387,2,1040.0591784231297,0,0,458,11.323915137956144,2.945414847161572,0.5393013100436681,-0.016864805851990298,0.5545851528384279,0.21615720524017468,0.2292576419213974
387,3,1177.6216840442155,0,1,457,11.342865207099713,2.936542669584245,0.5361050328227571,-0.030761283515735722,0.5492341356673961,0.22319474835886213,0.2275711159737418
387,4,1339.9856725987665,0,1,483,11.433314114617934,2.9937888198757765,0.5320910973084886,-0.058811993191599736,0.5362318840579711,0.22981366459627328,0.23395445134575568
388,1,661.3370574347103,1,0,259,11.317274214753775,3.1853281853281854,0.5328185328185329,0.04505074034919011,0.640926640926641,0.25868725868725867,0.10038610038610038
388,2,1152.313092568489,1,0,276,11.408691231431861,3.0905797101449277,0.5507246376811594,0.0598357756540224,0.6521739130434783,0.2536231884057971,0.09420289855072464
388,3,1268.2951754274447,1,1,277,11.527198511631713,3.0144404332129966,0.5415162454873647,0.10099794245510804,0.6642599277978339,0.2527075812274368,0.08303249097472924
388,4,1416.1969917446386,1,1,270,11.55010340803481,2.9925925925925925,0.5333333333333333,0.0853472189918906,0.6592592592592592,0.24074074074074073,0.1
389,1,847.8296650256079,0,0,244,11.290554333593311,2.9508196721311477,0.5491803278688525,0.3693063905294595,0.5614754098360656,0.29098360655737704,0.14754098360655737
389,2,1728.2561731238786,0,0,244,11.434297114192278,2.94672131147541,0.5450819672131147,0.3777865746925834,0.5573770491803278,0.29508196721311475,0.14754098360655737
389,3,1451.5447689928674,0,1,232,11.443884596573609,2.9094827586206895,0.5258620689655172,0.3206057227081012,0.5732758620689655,0.3103448275862069,0.11637931034482758
389,4,1433.16161666179,0,1,254,11.521637596507686,2.921259842519685,0.5393700787401575,0.3037787504247458,0.5590551181102362,0.33858267716535434,0.10236220472440945
390,1,591.6173656335441,1,0,484,11.91299555002015,2.956611570247934,0.493801652892562,-0.31122000893261104,0.7252066115702479,0.10537190082644628,0.16942148760330578
390,2,848.0769193699124,1,0,479,11.840667943616086,2.962421711899791,0.5010438413361169,-0.27766076840912857,0.7160751565762005,0.10855949895615867,0.17536534446764093
390,3,894.6899463131228,1,1,449,11.755577359920892,2.955456570155902,0.5077951002227171,-0.27720356908287336,0.7193763919821826,0.10467706013363029,0.1759465478841871
390,4,991.1329457017255,1,1,425,11.593802181220097,3.0094117647058822,0.5035294117647059,-0.2625241533636966,0.7129411764705882,0.11058823529411765,0.17647058823529413
391,1,982.6226656156527,1,0,377,10.571138283427414,3.127320954907162,0.5915119363395226,0.3585181410192047,0.8143236074270557,0.11140583554376658,0.07427055702917772
391,2,974.0518094250817,1,0,358,10.550632700370699,3.0865921787709496,0.5642458100558659,0.3497321398366818,0.8100558659217877,0.10893854748603352,0.08100558659217877
391,3,1133.7917906521427,1,1,360,10.80935231637486,3.0694444444444446,0.5777777777777777,0.28701583048855656,0.8222222222222222,0.1111111111111111,0.06666666666666667
391,4,1690.1112022961047,1,1,389,10.964623126926591,3.056555269922879,0.5681233933161953,0.2449717444654799,0.8329048843187661,0.10025706940874037,0.06683804627249357
392,1,996.0270801176988,0,0,754,11.130223538203412,3.057029177718833,0.5689655172413793,0.12740451625568802,0.8275862068965517,0.15251989389920426,0.01989389920424403
392,2,1221.3727271882024,0,0,752,11.332298823593769,3.023936170212766,0.5651595744680851,0.08505744232162331,0.8138297872340425,0.16489361702127658,0.02127659574468085
392,3,1358.169733864349,0,1,719,11.29620729809678,3.0250347705146035,0.5563282336578581,0.06677196168520895,0.8191933240611962,0.16133518776077885,0.019471488178025034
392,4,1440.7760295426358,0,1,699,11.361456932153754,3.03862660944206,0.5608011444921316,0.056959533934140785,0.8168812589413448,0.16022889842632332,0.022889842632331903
393,1,1108.5521841674001,0,0,113,12.101127438740763,2.9734513274336285,0.48672566371681414,-0.3521487847273628,0.5486725663716814,0.3274336283185841,0.12389380530973451
393,2,1166.5552796121879,0,0,112,12.346397328766109,2.9464285714285716,0.48214285714285715,-0.3387494831278905,0.5357142857142857,0.35714285714285715,0.10714285714285714
393,3,1304.4909762301102,0,1,112,12.02510018359586,2.8392857142857144,0.5,-0.31866830168571053,0.5357142857142857,0.3392857142857143,0.125
393,4,1300.0178258534008,0,1,123,12.257311123366248,2.9430894308943087,0.4878048780487805,-0.34908721002966964,0.5853658536585366,0.3170731707317073,0.0975609756097561
394,1,901.2781024190894,0,0,89,12.278198250386941,2.966292134831461,0.5168539325842697,-0.06673747077469414,0.5168539325842697,0.33707865168539325,0.14606741573033707
394,2,1018.3646176013358,0,0,91,11.922677667820274,3.087912087912088,0.4945054945054945,-0.11587926324498858,0.5384615384615384,0.2967032967032967,0.16483516483516483
394,3,1074.1489446354758,0,1,110,11.865871933002127,2.9727272727272727,0.5,-0.10839277411879628,0.5363636363636364,0.2909090909090909,0.17272727272727273
394,4,978.7461031095164,0,1,157,11.893726451203575,2.929936305732484,0.40764331210191085,-0.39282286062149563,0.554140127388535,0.267515923566879,0.17834394904458598
395,1,921.3173098187648,0,0,1970,11.910870042946177,3.045685279187817,0.4862944162436548,-0.2742589218287263,0.6771573604060914,0.2431472081218274,0.07969543147208122
395,2,959.0881578202952,0,0,1928,11.881024591283387,3.029564315352697,0.49688796680497926,-0.2423431473245618,0.6820539419087137,0.24014522821576764,0.07780082987551867
395,3,1082.3877004222613,0,1,1930,11.904121461409419,3.0352331606217615,0.5031088082901555,-0.21520506061213188,0.6839378238341969,0.24145077720207253,0.07461139896373056
395,4,1150.921749577604,0,1,2024,11.763388263773484,3.039525691699605,0.5039525691699605,-0.17996369222389896,0.6813241106719368,0.2425889328063241,0.07608695652173914
396,1,1025.6144081608825,1,0,425,11.044861740521895,3.0894117647058823,0.5929411764705882,0.2730244182557024,0.6988235294117647,0.2,0.1011764705882353
396,2,1420.2810938324799,1,0,445,11.140385457223363,3.0292134831460675,0.5775280898876405,0.26643144121378304,0.6921348314606741,0.20898876404494382,0.09887640449438202
396,3,1689.0052367791593,1,1,420,11.143150655976019,3.085714285714286,0.5880952380952381,0.2689873920382439,0.6857142857142857,0.2119047619047619,0.10238095238095238
396,4,1505.0481137735107,1,1,553,11.325891577186974,3.0180831826401446,0.5569620253164557,0.06776480306947512,0.7034358047016275,0.20976491862567812,0.0867992766726944
397,1,718.953937925987,0,0,1372,11.240031921803169,2.9752186588921283,0.5561224489795918,0.145936469281036,0.6122448979591837,0.2755102040816326,0.11224489795918367
397,2,1057.3713775888946,0,0,1340,11.191345003127244,2.976119402985075,0.5507462686567164,0.1368712012962599,0.6134328358208955,0.27611940298507465,0.11044776119402985
397,3,1136.7730532958085,0,1,1323,11.359585255614643,2.996220710506425,0.5419501133786848,0.09654678075621496,0.6122448979591837,0.2789115646258503,0.10884353741496598
397,4,1196.410964008787,0,1,1257,11.291602275868762,3.009546539379475,0.5393794749403341,0.09369468548142974,0.6165473349244233,0.27844073190135243,0.10501193317422435
398,1,837.8799821780938,0,0,457,11.456417751177277,3.1072210065645516,0.5404814004376368,0.1907029494571024,0.6105032822757112,0.26695842450765866,0.12253829321663019
398,2,1002.3068928725803,0,0,431,11.501781301350405,3.0672853828306264,0.54292343387471,0.16452872035735203,0.6264501160092807,0.2482598607888631,0.12529002320185614
398,3,1080.3375150945446,0,1,428,11.321656047647549,2.9953271028037385,0.5537383177570093,0.20977831006786565,0.6238317757009346,0.24299065420560748,0.13317757009345793
398,4,1331.941706638601,0,1,435,11.256409680152297,3.039080459770115,0.5540229885057472,0.19499262396918318,0.6252873563218391,0.24367816091954023,0.1310344827586207
399,1,847.881560628682,0,0,131,10.973800351484407,3.0381679389312977,0.648854961832061,0.42987229926037973,0.6564885496183206,0.24427480916030533,0.09923664122137404
399,2,1184.1049385710908,0,0,129,10.92167336748855,2.9612403100775193,0.6744186046511628,0.4492236232173956,0.6666666666666666,0.23255813953488372,0.10077519379844961
399,3,1415.1430661928287,0,1,119,10.875367476107362,2.966386554621849,0.6302521008403361,0.3947097628178967,0.6554621848739496,0.2605042016806723,0.08403361344537816
399,4,2242.4308974412597,0,1,113,11.182352594554295,2.9646017699115044,0.6460176991150443,0.3890565077820139,0.6991150442477876,0.23008849557522124,0.07079646017699115
400,1,858.9794193752989,1,0,111,11.118237287230196,3.171171171171171,0.5675675675675675,0.3070685485143981,0.8648648648648649,0.08108108108108109,0.05405405405405406
400,2,1280.5669258176692,1,0,133,11.57200163417683,3.075187969924812,0.5864661654135338,0.2947589461585658,0.8571428571428571,0.09774436090225563,0.045112781954887216
400,3,1350.3122335488288,1,1,142,11.698863226389893,3.028169014084507,0.5422535211267606,0.23783497444996968,0.8450704225352113,0.1056338028169014,0.04929577464788732
400,4,2147.367051706428,1,1,149,11.748052383706112,2.912751677852349,0.5436241610738255,0.23138895127305198,0.8791946308724832,0.08053691275167785,0.040268456375838924
401,1,803.3903558739821,0,0,285,10.966606258700901,3.256140350877193,0.624561403508772,0.271850898051613,0.7368421052631579,0.1368421052631579,0.12631578947368421
401,2,1072.183847619892,0,0,282,10.880059959188955,3.24468085106383,0.599290780141844,0.2236318362453191,0.75177304964539,0.1347517730496454,0.11347517730496454
401,3,1321.8656756047765,0,1,275,11.079195463243876,3.2254545454545456,0.5636363636363636,0.20615301019327295,0.76,0.13090909090909092,0.10909090909090909
401,4,1474.128695450484,0,1,304,11.121298219869022,3.1940789473684212,0.5756578947368421,0.1621385962972636,0.756578947368421,0.13486842105263158,0.10855263157894737
402,1,919.7500981046184,1,0,822,11.156302236101157,2.9987834549878345,0.5778588807785888,0.1941865058051131,0.7895377128953771,0.13260340632603407,0.07785888077858881
402,2,1035.6702720108924,1,0,843,11.195101283664924,3.0284697508896796,0.5788849347568209,0.1733935361924353,0.797153024911032,0.12336892052194544,0.07947805456702253
402,3,1216.0390233056587,1,1,873,11.30722412254883,3.018327605956472,0.5624284077892325,0.06851895891835591,0.7880870561282932,0.12600229095074456,0.0859106529209622
402,4,1306.749410289118,1,1,885,11.337987811546494,3.0124293785310736,0.5649717514124294,0.09339481863576235,0.7909604519774012,0.12542372881355932,0.08361581920903954
403,1,772.0502871062,0,0,334,10.721633893136355,2.808383233532934,0.6347305389221557,0.4519776990397884,0.7574850299401198,0.08383233532934131,0.15868263473053892
403,2,1171.531787879872,0,0,326,10.912458593386008,2.8374233128834354,0.6134969325153374,0.41912662424319735,0.7576687116564417,0.08588957055214724,0.15644171779141106
403,3,1295.9577039578862,0,1,303,10.911424654693203,2.9141914191419143,0.6138613861386139,0.35020072665441176,0.759075907590759,0.0858085808580858,0.1551155115511551
403,4,1450.1268719045745,0,1,295,10.802748632710031,2.989830508474576,0.6135593220338983,0.3199813399771112,0.7559322033898305,0.08813559322033898,0.15593220338983052
404,1,1103.3782927527577,1,0,328,10.87929909995545,3.0213414634146343,0.5914634146341463,0.3265547515989284,0.6798780487804879,0.2073170731707317,0.11280487804878049
404,2,1080.5127996023655,1,0,337,11.076828829873707,3.0712166172106823,0.5905044510385756,0.27635915203401534,0.7091988130563798,0.18991097922848665,0.10089020771513353
404,3,1141.315809775447,1,1,337,11.361617536683598,3.0534124629080117,0.5727002967359051,0.17651813977881836,0.7062314540059347,0.20178041543026706,0.09198813056379822
404,4,1306.5613779172174,1,1,349,11.434282801031431,3.0401146131805157,0.5673352435530086,0.1384461334124399,0.6876790830945558,0.22636103151862463,0.08595988538681948
405,1,879.5088864733573,1,0,194,11.781146072119071,3.0103092783505154,0.5154639175257731,-0.04432209913749521,0.711340206185567,0.23195876288659795,0.05670103092783505
405,2,1055.0890850305968,1,0,207,11.857213671340862,2.9806763285024154,0.45893719806763283,-0.1474718644168998,0.6908212560386473,0.24154589371980675,0.06763285024154589
405,3,895.3806266083379,1,1,225,12.017310041369925,2.937777777777778,0.4533333333333333,-0.18794248798797794,0.6577777777777778,0.26222222222222225,0.08
405,4,1477.1122241947717,1,1,240,11.920784771938338,2.9833333333333334,0.45,-0.2219037820429927,0.65,0.2708333333333333,0.07916666666666666
406,1,898.7702496336573,0,0,1097,11.156880430358928,3.080218778486782,0.5943482224247949,0.3372574047233212,0.5022789425706472,0.381950774840474,0.11577028258887875
406,2,1220.2466734028037,0,0,1146,11.192750533009688,3.049738219895288,0.5951134380453752,0.306650576543887,0.5034904013961605,0.38481675392670156,0.11169284467713787
406,3,1292.2443146757498,0,1,1205,11.35617293937881,3.000829875518672,0.591701244813278,0.2343617691724316,0.5112033195020746,0.3809128630705394,0.1078838174273859
406,4,1487.0665058635989,0,1,1158,11.371242734988172,3.038860103626943,0.5993091537132987,0.24232013800341418,0.5034542314335061,0.385146804835924,0.11139896373056994
407,1,885.4577563382942,1,0,445,11.014792049636513,3.195505617977528,0.5865168539325842,0.3121208672510378,0.5775280898876405,0.25617977528089886,0.1662921348314607
407,2,1193.7744581955396,1,0,451,11.305430603923002,3.155210643015521,0.5521064301552107,0.1961472921580045,0.5764966740576497,0.2616407982261641,0.16186252771618626
407,3,1189.6437272095388,1,1,456,11.391056421604997,3.164473684210526,0.5285087719298246,0.1296845886752703,0.5745614035087719,0.25,0.17543859649122806
407,4,1636.747234001593,1,1,456,11.35662904378007,3.138157894736842,0.5131578947368421,0.0933834494506699,0.5679824561403509,0.24561403508771928,0.18640350877192982
408,1,938.3245943197602,1,0,1461,11.363610303415271,2.9322381930184807,0.5592060232717317,0.12442179852632397,0.45037645448323066,0.2874743326488706,0.2621492128678987
408,2,1111.5605544081936,1,0,1384,11.324935496187747,2.917630057803468,0.5686416184971098,0.1358860713060625,0.4508670520231214,0.282514450867052,0.2666184971098266
408,3,1197.3947995665815,1,1,1493,11.321789432135299,2.8935030140656397,0.5612860013395847,0.10361379212819886,0.4614869390488948,0.26992632283991963,0.26858673811118555
408,4,1330.8211784388284,1,1,1462,11.508008130145146,2.9227086183310536,0.542407660738714,0.0217217338858274,0.460328317373461,0.2660738714090287,0.27359781121751026
409,1,750.0903656532678,1,0,540,11.682402588849016,2.9314814814814816,0.5592592592592592,0.07601765084334595,0.3925925925925926,0.45185185185185184,0.15555555555555556
409,2,1139.756226479896,1,0,555,11.715105615308715,2.9153153153153153,0.563963963963964,0.06392343267394879,0.4,0.45045045045045046,0.14954954954954955
409,3,1280.130727012443,1,1,523,11.679407626295703,2.9636711281070744,0.5602294455066922,0.056320692468000776,0.4110898661567878,0.4359464627151052,0.15296367112810708
409,4,1233.527719014316,1,1,510,11.77381005552513,3.0352941176470587,0.5549019607843138,-0.010908052389417717,0.42549019607843136,0.42745098039215684,0.14705882352941177
410,1,1078.522768598113,1,0,291,11.410690883724444,2.979381443298969,0.570446735395189,0.11272792138955239,0.718213058419244,0.2027491408934708,0.07903780068728522
410,2,912.5053979401167,1,0,313,11.463106897966979,3.015974440894569,0.536741214057508,0.0021635374885328683,0.7380191693290735,0.19488817891373802,0.0670926517571885
410,3,1246.4783938888786,1,1,324,11.544017683179053,2.9537037037037037,0.5185185185185185,-0.06026068389789548,0.7253086419753086,0.21296296296296297,0.06172839506172839
410,4,1059.2311945144625,1,1,332,11.42684704920351,2.927710843373494,0.5301204819277109,0.0022241389214235465,0.713855421686747,0.21686746987951808,0.06927710843373494
411,1,697.3699137849356,0,0,478,11.976299809814675,3.0564853556485354,0.5188284518828452,-0.20830414499980165,0.6799163179916318,0.2175732217573222,0.10251046025104603
411,2,943.835167439326,0,0,466,12.039819999928488,3.0686695278969958,0.5064377682403434,-0.21344635834181067,0.6824034334763949,0.2167381974248927,0.10085836909871244
411,3,1087.0183530767954,0,1,472,11.871355483931216,3.0466101694915255,0.4957627118644068,-0.2163699983931409,0.6758474576271186,0.22245762711864406,0.1016949152542373
411,4,1089.1333316561245,0,1,475,11.877792856801893,3.103157894736842,0.5010526315789474,-0.2380696263259479,0.6863157894736842,0.21894736842105264,0.09473684210526316
412,1,727.6491623301926,0,0,204,11.309422191593864,2.946078431372549,0.5343137254901961,-0.03022378644486047,0.7401960784313726,0.21568627450980393,0.04411764705882353
412,2,945.5842582532263,0,0,190,11.05812427927969,2.9526315789473685,0.5631578947368421,-0.05264972040829328,0.7368421052631579,0.22105263157894736,0.042105263157894736
412,3,1072.0826212158431,0,1,186,11.024969213261707,2.913978494623656,0.5483870967741935,-0.02409248479668266,0.7311827956989247,0.23118279569892472,0.03763440860215054
412,4,1158.4308570752983,0,1,185,10.961664555329799,2.9297297297297296,0.5675675675675675,0.0387984373704357,0.745945945945946,0.22162162162162163,0.032432432432432434
413,1,959.1234794336818,1,0,236,11.65463388928847,3.0762711864406778,0.614406779661017,0.21438836149199406,0.7076271186440678,0.1694915254237288,0.1228813559322034
413,2,1479.7342950463947,1,0,226,11.623557630362807,3.075221238938053,0.5973451327433629,0.165341483941912,0.7256637168141593,0.15486725663716813,0.11946902654867257
413,3,1824.156318539874,1,1,216,11.680504864659843,3.138888888888889,0.5833333333333334,0.11050373310671634,0.7222222222222222,0.14351851851851852,0.13425925925925927
413,4,1760.791750643437,1,1,235,11.673037835238242,3.174468085106383,0.574468085106383,0.09379061995307349,0.7319148936170212,0.14042553191489363,0.1276595744680851
414,1,828.8720061163197,1,0,587,11.786118483722676,3.1175468483816013,0.4855195911413969,-0.3354420749135294,0.7120954003407155,0.2282793867120954,0.059625212947189095
414,2,822.7535963689575,1,0,613,11.641305149287177,3.109298531810767,0.4926590538336052,-0.3231942658424016,0.7210440456769984,0.2234910277324633,0.05546492659053834
414,3,939.6561952434487,1,1,611,11.558139245672958,3.083469721767594,0.49263502454991814,-0.26208866915487317,0.7201309328968903,0.22749590834697217,0.05237315875613748
414,4,1083.288826877832,1,1,584,11.542818644684575,3.085616438356164,0.4863013698630137,-0.22412719979463644,0.7191780821917808,0.2243150684931507,0.05650684931506849
415,1,862.2543653914046,0,0,226,11.3343530200918,3.0442477876106193,0.5663716814159292,-0.05558705383612454,0.6415929203539823,0.17256637168141592,0.18584070796460178
415,2,893.0407425694624,0,0,231,11.282515637815562,3.0216450216450217,0.5411255411255411,-0.0715115545779586,0.6493506493506493,0.18181818181818182,0.16883116883116883
415,3,1152.5694924838485,0,1,230,11.262393966596381,3.026086956521739,0.5347826086956522,-0.11578899867021168,0.6782608695652174,0.16521739130434782,0.1565217391304348
415,4,1190.0851002900479,0,1,227,11.109573705255885,2.9647577092511015,0.5462555066079295,-0.0639009181660501,0.7004405286343612,0.15859030837004406,0.14096916299559473
416,1,853.6505982286941,0,0,1141,11.638454298186543,2.9807186678352324,0.5197195442594216,-0.06518712106660553,0.5179666958808063,0.37072743207712533,0.11130587204206836
416,2,1033.4652472777702,0,0,1097,11.650131503649867,2.9662716499544213,0.5205104831358249,-0.07122860634365494,0.5141294439380127,0.37830446672743845,0.10756608933454877
416,3,1124.481241968744,0,1,1114,11.796114346878179,2.96229802513465,0.5152603231597845,-0.09486371477456676,0.5125673249551167,0.3770197486535009,0.11041292639138241
416,4,1206.7764266641896,0,1,1105,11.803281582158588,2.995475113122172,0.5248868778280543,-0.07720708758077233,0.5076923076923077,0.38642533936651585,0.10588235294117647
417,1,1010.2045401129229,0,0,2282,11.071539356009648,2.9964943032427693,0.5867659947414549,0.2852849339439071,0.7979842243645925,0.14986853637160386,0.05214723926380368
417,2,1203.3995610219185,0,0,2193,11.093606900602294,3.0132238942088465,0.5740994072047424,0.22860130666186604,0.7925216598267214,0.1518467852257182,0.05563155494756042
417,3,1393.9265859968086,0,1,2165,11.139930231622015,3.0170900692840648,0.5662817551963049,0.20199990988122815,0.7930715935334873,0.15658198614318708,0.05034642032332563
417,4,1564.1993631163698,0,1,2218,11.196723504945924,3.0081154192966637,0.5631199278629396,0.18173663238592797,0.7939585211902614,0.15374211000901714,0.05229936880072137
418,1,859.5357381674119,0,0,700,11.221443034693305,2.932857142857143,0.5957142857142858,0.2357008256796864,0.7714285714285715,0.17857142857142858,0.05
418,2,958.9783381370335,0,0,754,11.335402253531962,2.949602122015915,0.5822281167108754,0.14792673796933017,0.7692307692307693,0.17771883289124668,0.05305039787798409
418,3,1111.0493061432596,0,1,761,11.344331714649039,2.9553219448094614,0.5755584756898817,0.13425126701213638,0.7766097240473062,0.17082785808147175,0.052562417871222074
418,4,1203.7106616096535,0,1,798,11.3693971073045,2.973684210526316,0.5776942355889725,0.14481945805695542,0.7756892230576441,0.17042606516290726,0.05388471177944862
419,1,617.9339677519054,0,0,267,12.827623191234405,3.0786516853932584,0.3295880149812734,-0.9727763101122904,0.7490636704119851,0.20973782771535582,0.04119850187265917
419,2,537.8679917177814,0,0,291,12.85905362892592,3.089347079037801,0.3470790378006873,-0.8320454304424504,0.738831615120275,0.21993127147766323,0.041237113402061855
419,3,728.3874731997864,0,1,269,12.86642680752337,3.104089219330855,0.3680297397769517,-0.7820016250548252,0.7397769516728625,0.22304832713754646,0.03717472118959108
419,4,835.4525801978906,0,1,280,12.706076485339844,3.017857142857143,0.3964285714285714,-0.6907324314464209,0.7321428571428571,0.225,0.04285714285714286
420,1,581.8833167660399,0,0,295,11.435054097540055,3.1084745762711865,0.5491525423728814,-0.16063825306994908,0.8169491525423729,0.08813559322033898,0.09491525423728814
420,2,882.9077530484393,0,0,305,11.455444937061902,3.095081967213115,0.5540983606557377,-0.15565387953383444,0.8065573770491803,0.08852459016393442,0.10491803278688525
420,3,990.1488892377023,0,1,295,11.585602827127891,3.08135593220339,0.5457627118644067,-0.16948214152068813,0.7966101694915254,0.08813559322033898,0.1152542372881356
420,4,972.178359982462,0,1,308,11.568626326912886,3.133116883116883,0.538961038961039,-0.14297621968612875,0.8051948051948052,0.08116883116883117,0.11363636363636363
421,1,847.264645650065,0,0,400,11.885704993165122,3.04,0.495,-0.1901166105654513,0.7625,0.1575,0.08
421,2,881.362371120452,0,0,427,11.668006479336265,3.037470725995316,0.49414519906323184,-0.14798484342109633,0.7587822014051522,0.1592505854800937,0.08196721311475409
421,3,1074.0403826061927,0,1,522,11.662533199200151,3.057471264367816,0.5134099616858238,-0.14735197277224082,0.7624521072796935,0.1532567049808429,0.0842911877394636
421,4,1187.2552158536075,0,1,502,11.65793769174849,3.0298804780876494,0.5079681274900398,-0.143739610053449,0.7629482071713147,0.14741035856573706,0.08964143426294821
422,1,815.017896425738,0,0,643,11.051800503297747,3.031104199066874,0.5972006220839814,0.24427685804934976,0.7231726283048211,0.18818040435458788,0.08864696734059098
422,2,1092.4024705398772,0,0,634,11.046181744259806,3.0425867507886437,0.5962145110410094,0.22353119896221174,0.7129337539432177,0.19242902208201892,0.0946372239747634
422,3,1149.8702586792324,0,1,640,11.058209112948015,3.059375,0.5796875,0.18044946305967244,0.7203125,0.1890625,0.090625
422,4,1370.7316668038065,0,1,630,11.15959995588811,3.074603174603175,0.5825396825396826,0.16488654744198297,0.7238095238095238,0.19523809523809524,0.08095238095238096
423,1,1470.1540071394986,1,0,179,11.42076412195599,2.8715083798882683,0.5418994413407822,0.11879182212934106,0.6368715083798883,0.2011173184357542,0.16201117318435754
423,2,1445.5747435492221,1,0,168,11.502011347573896,2.9404761904761907,0.5595238095238095,0.12097569735508279,0.625,0.22023809523809523,0.15476190476190477
423,3,1459.2263268506508,1,1,165,11.532294861559736,3.096969696969697,0.5636363636363636,0.07180722885423002,0.6181818181818182,0.23030303030303031,0.15151515151515152
423,4,1497.1054502674015,1,1,160,11.633135287847605,3.15625,0.55625,0.06672973255260731,0.6125,0.23125,0.15625
424,1,844.4190903175121,1,0,318,10.60289698977191,3.0377358490566038,0.6698113207547169,0.4378087477520032,0.9308176100628931,0.03459119496855346,0.03459119496855346
424,2,1282.297699656539,1,0,333,10.72315059905254,3.018018018018018,0.6276276276276276,0.3756895034293693,0.933933933933934,0.03303303303303303,0.03303303303303303
424,3,1487.4088349691099,1,1,320,10.619938611268493,3.04375,0.621875,0.3942538018745625,0.93125,0.03125,0.0375
424,4,1861.9700207848368,1,1,328,11.005956501662306,2.9390243902439024,0.5975609756097561,0.2481107998969883,0.926829268292683,0.036585365853658534,0.036585365853658534
425,1,740.9020581716835,1,0,194,11.186484774397606,3.1649484536082473,0.5618556701030928,0.08505867564709026,0.5721649484536082,0.23195876288659795,0.1958762886597938
425,2,756.9395494409707,1,0,242,11.440609099884052,3.053719008264463,0.5619834710743802,-0.024971895284082127,0.5867768595041323,0.21487603305785125,0.19834710743801653
425,3,990.8211549467536,1,1,251,11.47074399585857,3.0278884462151394,0.549800796812749,-0.010944597284572541,0.5856573705179283,0.22310756972111553,0.19123505976095617
425,4,1085.8128278372812,1,1,235,11.634189531921196,3.0425531914893615,0.5617021276595745,-0.05015128862447248,0.5872340425531914,0.2425531914893617,0.1702127659574468
426,1,1361.6783926253033,1,0,278,10.681737326638022,2.902877697841727,0.6474820143884892,0.5463769860281563,0.60431654676259,0.36330935251798563,0.03237410071942446
426,2,1385.3617565066534,1,0,271,10.55551974103916,2.955719557195572,0.6642066420664207,0.5303373735814695,0.6088560885608856,0.3505535055350554,0.04059040590405904
426,3,1346.71199247121,1,1,301,10.742190576607905,3.009966777408638,0.6345514950166113,0.3914396344473398,0.6179401993355482,0.34551495016611294,0.036544850498338874
426,4,1333.699709437465,1,1,332,10.921808947109136,3.0150602409638556,0.6144578313253012,0.2539598939450309,0.5993975903614458,0.3644578313253012,0.03614457831325301
427,1,663.6369301786765,0,0,162,12.60779070858385,3.1666666666666665,0.42592592592592593,-0.32626444241890057,0.6604938271604939,0.19135802469135801,0.14814814814814814
427,2,607.9320975461075,0,0,158,12.738170098882277,3.151898734177215,0.43037974683544306,-0.3456940132165026,0.6392405063291139,0.1962025316455696,0.16455696202531644
427,3,636.0486739079014,0,1,159,12.676130979023071,3.20125786163522,0.4276729559748428,-0.3574363485755946,0.6666666666666666,0.1761006289308176,0.15723270440251572
427,4,1010.3704610948654,0,1,152,12.698222185678194,3.0526315789473686,0.4342105263157895,-0.31638538842702063,0.6644736842105263,0.18421052631578946,0.1513157894736842
428,1,822.5410788299465,0,0,219,11.628136683342442,3.009132420091324,0.593607305936073,-0.01703611913922728,0.7031963470319634,0.2237442922374429,0.0730593607305936
428,2,1209.3333839571617,0,0,217,11.507901511472674,3.0368663594470044,0.6082949308755761,0.01480886626378124,0.7465437788018433,0.1935483870967742,0.059907834101382486
428,3,1513.098483012898,0,1,204,11.259641053563728,3.034313725490196,0.6176470588235294,0.05488892297752426,0.7401960784313726,0.19607843137254902,0.06372549019607843
428,4,1765.7500902047927,0,1,199,11.626548983209073,3.0150753768844223,0.6080402010050251,0.03048996105025955,0.7487437185929648,0.18592964824120603,0.06532663316582915
429,1,532.5118828530235,1,0,383,12.513930140161401,3.039164490861619,0.4490861618798956,-0.5015360337660698,0.6240208877284595,0.22193211488250653,0.15404699738903394
429,2,694.5348782602407,1,0,386,12.465146994008638,3.0129533678756477,0.45077720207253885,-0.47684558290674506,0.6321243523316062,0.22538860103626943,0.14248704663212436
429,3,787.4263536372599,1,1,378,12.59660355096087,2.9894179894179893,0.4523809523809524,-0.4836612383943477,0.6322751322751323,0.2222222222222222,0.1455026455026455
429,4,862.8443712661852,1,1,401,12.591182570522166,2.9301745635910224,0.4488778054862843,-0.4156949617052929,0.6309226932668329,0.2169576059850374,0.15211970074812967
430,1,976.3921164772407,0,0,325,11.389226254145767,2.9384615384615387,0.5507692307692308,0.1462610971837346,0.88,0.09846153846153846,0.021538461538461538
430,2,1018.2113911019158,0,0,341,11.55369606441453,2.909090909090909,0.530791788856305,0.0054996781043096556,0.8885630498533724,0.093841642228739,0.017595307917888565
430,3,990.9622429357148,0,1,337,11.447747397965554,2.964391691394659,0.5222551928783383,0.010739346702675841,0.887240356083086,0.09495548961424333,0.017804154302670624
430,4,1330.8469130531473,0,1,336,11.348823272515512,2.982142857142857,0.5119047619047619,0.022979531917244566,0.8958333333333334,0.08630952380952381,0.017857142857142856
431,1,806.2510682661127,0,0,102,11.054177430163477,3.1176470588235294,0.5784313725490197,0.32830798951575496,0.8431372549019608,0.0784313725490196,0.0784313725490196
431,2,901.0641245263304,0,0,140,11.583135703816778,3.085714285714286,0.5214285714285715,0.04536335549812783,0.8571428571428571,0.08571428571428572,0.05714285714285714
431,3,1285.8527002427595,0,1,160,11.87960008194105,3.01875,0.5375,0.054359724784224454,0.83125,0.0875,0.08125
431,4,1657.5425746282465,0,1,155,11.805589542565983,3.064516129032258,0.5225806451612903,0.027080411465092755,0.832258064516129,0.09032258064516129,0.07741935483870968
432,1,1188.069657316006,0,0,159,10.685614547870234,3.006289308176101,0.5660377358490566,0.10822477862299165,0.9245283018867925,0.06289308176100629,0.012578616352201259
432,2,1217.0861180858358,0,0,157,10.884721039327239,2.968152866242038,0.5732484076433121,0.05642258653135489,0.9235668789808917,0.05732484076433121,0.01910828025477707
432,3,1451.9493424828727,0,1,150,10.629461353588072,2.9,0.5866666666666667,0.04896190321256647,0.9133333333333333,0.06666666666666667,0.02
432,4,1581.8752849523032,0,1,146,10.438305634751819,2.856164383561644,0.589041095890411,0.053004107494538655,0.910958904109589,0.0684931506849315,0.02054794520547945
433,1,826.5648278282865,1,0,400,11.09118430220175,2.9775,0.5625,0.23990984130996731,0.6375,0.1725,0.19
433,2,1241.8538150319466,1,0,414,11.249330902276531,2.966183574879227,0.5458937198067633,0.14914755769715554,0.644927536231884,0.16666666666666666,0.18840579710144928
433,3,1254.8684982950995,1,1,389,11.26393653369749,2.956298200514139,0.5424164524421594,0.1469136319383599,0.6580976863753213,0.15681233933161953,0.18508997429305912
433,4,1218.3448385843378,1,1,418,11.350194449487308,2.9904306220095696,0.5406698564593302,0.08952735017532944,0.6483253588516746,0.16507177033492823,0.18660287081339713
434,1,788.592252728619,1,0,1971,11.43237383741021,2.989852866565195,0.5626585489599188,0.14983717416350867,0.7640791476407914,0.17757483510908167,0.058346017250126836
434,2,1011.7097181835995,1,0,1905,11.45527942344661,3.000524934383202,0.5574803149606299,0.15121827284608363,0.7595800524934383,0.18110236220472442,0.05931758530183727
434,3,1176.451536364161,1,1,1848,11.45550659855629,3,0.5562770562770563,0.13562887460137654,0.7581168831168831,0.1812770562770563,0.06060606060606061
434,4,1336.6117397571745,1,1,1864,11.502740395663865,2.9967811158798283,0.5418454935622318,0.0568790942946013,0.755901287553648,0.18293991416309013,0.0611587982832618
435,1,888.2376973072245,0,0,337,11.455866582634814,3.0890207715133533,0.5489614243323442,0.3172032025020504,0.6231454005934718,0.26706231454005935,0.10979228486646884
435,2,1163.1130195164856,0,0,330,11.71634186966785,3.0242424242424244,0.5363636363636364,0.16994943924801137,0.6363636363636364,0.24545454545454545,0.11818181818181818
435,3,1506.1157798498248,0,1,309,11.838430562133723,3.0517799352750807,0.5372168284789643,0.15544514278204802,0.6310679611650486,0.255663430420712,0.11326860841423948
435,4,1405.4863010335062,0,1,307,11.86059571166846,3.013029315960912,0.5309446254071661,0.10083608207330995,0.6091205211726385,0.2671009771986971,0.1237785016286645
436,1,996.0744470804528,0,0,1140,11.184086942693115,2.9517543859649122,0.5894736842105263,0.36023628051150963,0.7447368421052631,0.1868421052631579,0.06842105263157895
436,2,1262.904311939762,0,0,1119,11.149673905217226,2.9571045576407506,0.5773011617515639,0.27803889035864826,0.7408400357462019,0.1867739052725648,0.07238605898123325
436,3,1456.7353439312078,0,1,1090,11.231864047227722,2.9559633027522936,0.5715596330275229,0.22958258711801466,0.7431192660550459,0.1834862385321101,0.07339449541284404
436,4,1656.6191231346318,0,1,1121,11.184384518853483,2.992863514719001,0.5727029438001784,0.1964718633374796,0.7395182872435325,0.18911685994647637,0.07136485280999108
437,1,890.0480510536764,0,0,3721,11.201848076787698,2.9634506852996507,0.568395592582639,0.291654982159073,0.7876914807847353,0.15318462778822897,0.059123891427035745
437,2,1144.773530097548,0,0,3636,11.152482885257259,2.9598459845984597,0.5657315731573157,0.29309506022891396,0.7843784378437844,0.15704070407040704,0.05858085808580858
437,3,1285.5874125964078,0,1,3448,11.171958920156207,2.968677494199536,0.564385150812065,0.2811579857542543,0.7821925754060325,0.15951276102088166,0.058294663573085846
437,4,1551.6604842408503,0,1,3250,11.209232459594876,2.9913846153846153,0.5664615384615385,0.26750447402405214,0.7815384615384615,0.15938461538461537,0.059076923076923075
438,1,648.910625499219,0,0,346,12.771340708619498,2.8901734104046244,0.3699421965317919,-0.8918711164285742,0.6445086705202312,0.2254335260115607,0.13005780346820808
438,2,609.9613845190614,0,0,354,12.607743537754763,2.9887005649717513,0.3898305084745763,-0.8022776082546031,0.6638418079096046,0.2175141242937853,0.11864406779661017
438,3,739.4006416701592,0,1,346,12.506601152187589,2.976878612716763,0.3901734104046243,-0.7519853743499619,0.6734104046242775,0.20520231213872833,0.12138728323699421
438,4,852.9713070104268,0,1,352,12.418722768373714,3.0255681818181817,0.39488636363636365,-0.7372696566576983,0.6704545454545454,0.2159090909090909,0.11363636363636363
439,1,933.3222499751764,0,0,777,11.215712272307266,3.01029601029601,0.5302445302445302,0.08835372764648917,0.8005148005148005,0.11325611325611326,0.08622908622908623
439,2,996.8010125377099,0,0,916,11.335966457398687,3.0251091703056767,0.5251091703056768,0.018884958560009386,0.7991266375545851,0.1146288209606987,0.08624454148471616
439,3,1145.4498003456706,0,1,884,11.272060059758976,2.996606334841629,0.5271493212669683,0.05366769637760164,0.8031674208144797,0.11085972850678733,0.08597285067873303
439,4,1240.2110355760428,0,1,846,11.41450018791139,2.9976359338061465,0.5295508274231678,-0.02573561027828118,0.8073286052009456,0.10874704491725769,0.08392434988179669
440,1,688.2716594955482,0,0,175,12.727142225960202,3.0114285714285716,0.4,-0.7820455797003016,0.6342857142857142,0.2857142857142857,0.08
440,2,789.8505144106773,0,0,177,12.475161248402747,3.0451977401129944,0.384180790960452,-0.78804606362123,0.6440677966101694,0.288135593220339,0.06779661016949153
440,3,858.1231992610682,0,1,174,12.374532525777761,3.1149425287356323,0.3793103448275862,-0.6947172764627174,0.6551724137931034,0.28160919540229884,0.06321839080459771
440,4,986.9516793903283,0,1,176,12.389098683537272,3.1193181818181817,0.4034090909090909,-0.5949123358521353,0.6590909090909091,0.2897727272727273,0.05113636363636364
441,1,1188.688809687924,0,0,254,11.836592898419347,2.968503937007874,0.5078740157480315,-0.09680761424357234,0.7440944881889764,0.2047244094488189,0.051181102362204724
441,2,1011.8585367434465,0,0,242,11.886132689343981,2.9917355371900825,0.5165289256198347,-0.10675707061223325,0.7355371900826446,0.21074380165289255,0.05371900826446281
441,3,1389.0193051573926,0,1,234,11.686314015384514,3.1153846153846154,0.5427350427350427,-0.050905485067624066,0.7307692307692307,0.2094017094017094,0.05982905982905983
441,4,1532.9308788501853,0,1,251,11.595995224099948,3.103585657370518,0.5418326693227091,-0.011303018371668028,0.7768924302788844,0.1752988047808765,0.04780876494023904
442,1,847.8355220607053,0,0,465,11.832969932473842,3.096774193548387,0.556989247311828,-0.09886875854025998,0.7139784946236559,0.22795698924731184,0.05806451612903226
442,2,967.8132012777143,0,0,465,11.846738373838182,3.0709677419354837,0.5634408602150538,-0.08339113396202923,0.7161290322580646,0.22795698924731184,0.05591397849462366
442,3,1093.6175908185462,0,1,430,11.911412339507898,3.0604651162790697,0.5465116279069767,-0.10924866548850949,0.7162790697674418,0.23488372093023255,0.04883720930232558
442,4,1076.6288438141473,0,1,435,11.881231404007027,3.039080459770115,0.5494252873563218,-0.08068922105074325,0.7241379310344828,0.2206896551724138,0.05517241379310345
443,1,719.4341526072326,0,0,353,11.41922060972579,2.818696883852691,0.5127478753541076,-0.042892811181058026,0.46742209631728043,0.41076487252124644,0.12181303116147309
443,2,1132.2459709184309,0,0,346,11.429028479935422,2.893063583815029,0.4913294797687861,-0.0606169948201665,0.45375722543352603,0.43352601156069365,0.11271676300578035
443,3,1285.2398544268337,0,1,353,11.323661353957709,2.9008498583569406,0.48441926345609065,-0.06175205557684132,0.46458923512747874,0.40509915014164305,0.13031161473087818
443,4,1200.6448445801873,0,1,386,11.317843564464809,2.9145077720207255,0.48704663212435234,-0.025628719231018064,0.4533678756476684,0.4274611398963731,0.11917098445595854
444,1,660.906665199303,1,0,403,12.018277719714707,2.977667493796526,0.5260545905707196,-0.27325991700920993,0.6004962779156328,0.2109181141439206,0.18858560794044665
444,2,915.7707984543443,1,0,400,11.948003606682722,3.03,0.5275,-0.23127500004934334,0.59,0.2075,0.2025
444,3,767.2962895986741,1,1,384,11.969404507549427,3.0286458333333335,0.5338541666666666,-0.20751896240324444,0.5807291666666666,0.20572916666666666,0.21354166666666666
444,4,1075.9618730471743,1,1,445,12.075450339609649,3.006741573033708,0.5191011235955056,-0.23736523880762786,0.6112359550561798,0.2,0.18876404494382024
445,1,928.7043439511698,1,0,161,10.99894739563236,3.080745341614907,0.5093167701863354,0.0944801791160094,0.5714285714285714,0.2795031055900621,0.14906832298136646
445,2,939.1402398627573,1,0,196,10.935881753354005,2.9948979591836733,0.4744897959183674,-0.021466816341447086,0.5714285714285714,0.2857142857142857,0.14285714285714285
445,3,1166.1610524453404,1,1,180,10.712406378092256,2.9833333333333334,0.5055555555555555,0.032868398156326965,0.5611111111111111,0.3,0.1388888888888889
445,4,1412.597705696965,1,1,165,10.949377373713611,3.0424242424242425,0.5393939393939394,0.012921902617961221,0.5818181818181818,0.2787878787878788,0.1393939393939394
446,1,973.6555621129995,1,0,1370,11.139636913264573,2.9708029197080292,0.5642335766423358,0.23185743412961987,0.9569343065693431,0.029927007299270073,0.013138686131386862
446,2,1151.5222978039715,1,0,1427,11.251576592012787,2.9663629992992293,0.5655220742817099,0.20633343046792818,0.9614576033637001,0.02803083391730904,0.01051156271899089
446,3,1385.4874035276302,1,1,1361,11.235826393763498,2.9779573842762677,0.5576781778104335,0.17861670482834227,0.9654665686994857,0.025716385011021307,0.00881704628949302
446,4,1523.0133955529186,1,1,1345,11.258399821282051,2.950185873605948,0.5472118959107807,0.11108032816422399,0.9620817843866171,0.02825278810408922,0.009665427509293681
447,1,822.2573355376958,1,0,699,11.627992965490133,2.9356223175965663,0.49928469241773965,-0.12811598871831908,0.759656652360515,0.15879828326180256,0.0815450643776824
447,2,986.9684661973389,1,0,729,11.582486249308172,2.9684499314128945,0.5020576131687243,-0.11443635079222221,0.7640603566529492,0.15775034293552812,0.07818930041152264
447,3,1089.8888251071191,1,1,722,11.565024085690897,3.011080332409972,0.502770083102493,-0.10007379451201039,0.7714681440443213,0.15373961218836565,0.07479224376731301
447,4,1149.8101231767928,1,1,810,11.49449102098921,3.0074074074074075,0.49753086419753084,-0.13634109082352744,0.7493827160493827,0.16049382716049382,0.09012345679012346
448,1,760.1589190314684,1,0,331,12.031690680112265,2.984894259818731,0.4108761329305136,-0.6061531646137216,0.6676737160120846,0.2719033232628399,0.06042296072507553
448,2,795.366360817196,1,0,339,11.967903249699328,3.0088495575221237,0.41002949852507375,-0.5299531334496265,0.6814159292035398,0.25958702064896755,0.058997050147492625
448,3,857.352577099252,1,1,316,11.969821824905912,2.981012658227848,0.4272151898734177,-0.5051233423372022,0.6772151898734177,0.2689873417721519,0.05379746835443038
448,4,1018.2359105048416,1,1,314,12.130376946129102,2.9426751592356686,0.4140127388535032,-0.5274818913369547,0.6719745222929936,0.2802547770700637,0.04777070063694268
449,1,694.8712174072806,1,0,371,11.483974524647627,3.1455525606469004,0.5336927223719676,0.15009467341363003,0.8463611859838275,0.12129380053908356,0.03234501347708895
449,2,1247.752938262509,1,0,353,11.505396414612864,3.130311614730878,0.5382436260623229,0.17169480748447616,0.8441926345609065,0.12181303116147309,0.0339943342776204
449,3,1122.8964967298566,1,1,358,11.489580292757257,3.106145251396648,0.5418994413407822,0.16176330670818245,0.840782122905028,0.12290502793296089,0.036312849162011177
449,4,1065.1384907183813,1,1,354,11.586022095052902,3.0254237288135593,0.5338983050847458,0.13446299029206785,0.8502824858757062,0.11864406779661017,0.031073446327683617
450,1,999.8345290901963,0,0,919,11.236792456355488,3.0239390642002175,0.573449401523395,0.3440447736570985,0.4776931447225245,0.40043525571273125,0.12187159956474429
450,2,1050.2582679320428,0,0,927,11.250078800704438,3.0355987055016183,0.5663430420711975,0.31557469318182607,0.47572815533980584,0.40560949298813376,0.1186623516720604
450,3,1221.8132788082512,0,1,903,11.287873763296275,3.0044296788482834,0.5581395348837209,0.26242193538316344,0.4706533776301218,0.4119601328903654,0.11738648947951273
450,4,1662.4546437063307,0,1,878,11.376839455803845,2.9840546697038723,0.5569476082004556,0.20891693926199378,0.46697038724373574,0.4202733485193622,0.11275626423690205
451,1,929.9706824016114,1,0,840,11.312106845326152,2.9297619047619046,0.5333333333333333,0.07353055933435892,0.825,0.12261904761904761,0.05238095238095238
451,2,1132.542042977032,1,0,946,11.35829773182698,2.968287526427061,0.5369978858350951,0.09123913291475585,0.821353065539112,0.12896405919661733,0.049682875264270614
451,3,1283.8589501029653,1,1,939,11.380100113623465,2.9456869009584663,0.5324813631522897,0.027169420168737538,0.8264110756123536,0.1235356762513312,0.05005324813631523
451,4,1182.142192162759,1,1,973,11.588088493793359,2.950668036998972,0.5303186022610483,-0.06201057720427719,0.8304213771839671,0.12127440904419322,0.048304213771839674
452,1,988.0867148747036,1,0,950,11.158511529846537,2.982105263157895,0.5905263157894737,0.27216656013182694,0.611578947368421,0.24736842105263157,0.14105263157894737
452,2,1200.8292145333642,1,0,916,11.239540737300524,2.9443231441048034,0.5764192139737991,0.2423209861350074,0.618995633187773,0.25109170305676853,0.1299126637554585
452,3,1421.6010185215537,1,1,914,11.300807678466269,2.966083150984683,0.562363238512035,0.22997594010428568,0.6181619256017505,0.24507658643326038,0.13676148796498905
452,4,1457.931102048609,1,1,855,11.450354583527512,2.9812865497076024,0.5625730994152047,0.1968285436541055,0.623391812865497,0.23742690058479532,0.1391812865497076
453,1,704.3697272420449,0,0,799,11.991736282336706,2.9549436795994994,0.5294117647058824,-0.08084478383586097,0.6983729662077597,0.23529411764705882,0.06633291614518148
453,2,1136.7956533560757,0,0,785,11.904483563659879,2.9401273885350316,0.5261146496815287,-0.06482784282775629,0.6942675159235668,0.23821656050955414,0.06751592356687898
453,3,1082.0206724646418,0,1,795,11.964292112915833,2.929559748427673,0.5182389937106918,-0.10112469533020021,0.70062893081761,0.23522012578616353,0.06415094339622641
453,4,1251.8338892160878,0,1,751,11.867465577644872,2.933422103861518,0.5126498002663116,-0.10283116439308566,0.7083888149134487,0.22769640479360853,0.06391478029294274
454,1,818.9185320520006,0,0,409,11.292725488718917,2.9535452322738385,0.4449877750611247,-0.22802508913975708,0.684596577017115,0.17359413202933985,0.14180929095354522
454,2,973.1832576973758,0,0,428,11.388648367831994,3.044392523364486,0.4485981308411215,-0.3041497951776073,0.6845794392523364,0.1822429906542056,0.13317757009345793
454,3,1301.8062152090108,0,1,411,11.181231949650813,3.024330900243309,0.43309002433090027,-0.2676708955005773,0.6958637469586375,0.17518248175182483,0.12895377128953772
454,4,1072.5672205087226,0,1,385,11.283722892581537,3.051948051948052,0.43636363636363634,-0.2533862063791328,0.6883116883116883,0.18181818181818182,0.12987012987012986
455,1,957.1148934419083,0,0,1252,11.845219228697294,3.0710862619808306,0.4976038338658147,-0.10720127124500596,0.694888178913738,0.2452076677316294,0.05990415335463259
455,2,1103.2755207758041,0,0,1209,11.88151471101517,3.06368899917287,0.49793217535153017,-0.08596577728129261,0.6947890818858561,0.24317617866004962,0.062034739454094295
455,3,1221.6189904552975,0,1,1200,11.864451511606601,3.0541666666666667,0.5016666666666667,-0.1107986213596994,0.69,0.24416666666666667,0.06583333333333333
455,4,1293.4849657893405,0,1,1250,11.84103346661098,3.0552,0.5016,-0.1439922252356339,0.6904,0.2384,0.0712
456,1,1015.7102966096255,0,0,385,11.36952084528866,3.0467532467532465,0.5402597402597402,0.12796638257956047,0.5766233766233766,0.3194805194805195,0.1038961038961039
456,2,1357.2786998638967,0,0,384,11.435428097772752,3.0338541666666665,0.5520833333333334,0.10875964531108998,0.5729166666666666,0.3203125,0.10677083333333333
456,3,1296.9587501006079,0,1,366,11.503264247277475,3.0546448087431695,0.5683060109289617,0.15041931814505943,0.5601092896174863,0.32786885245901637,0.11202185792349727
456,4,1415.8099639420034,0,1,373,11.495791712362447,3.026809651474531,0.5630026809651475,0.13356636482589015,0.5603217158176944,0.32439678284182305,0.11528150134048257
457,1,668.0053818641387,0,0,982,11.466774908126167,3.0733197556008145,0.48370672097759676,-0.15033974092712274,0.7576374745417516,0.12423625254582485,0.11812627291242363
457,2,954.6473679091902,0,0,989,11.491370881988644,3.0546006066734073,0.4954499494438827,-0.10198971433552152,0.7633973710819009,0.12032355915065723,0.11627906976744186
457,3,987.7166993837768,0,1,953,11.536151407999377,3.0703043022035676,0.4994753410283316,-0.09758734764915566,0.7565582371458552,0.1248688352570829,0.11857292759706191
457,4,1155.2812251066694,0,1,951,11.54345899328871,3.0977917981072554,0.4879074658254469,-0.10203141826283063,0.7486855941114616,0.13038906414300735,0.12092534174553102
458,1,667.4626370053932,1,0,1253,12.305122487969854,3.022346368715084,0.42537909018355946,-0.5892863414738904,0.8132482043096568,0.16999201915403034,0.01675977653631285
458,2,761.7163505244912,1,0,1158,12.231004404606503,3.0215889464594126,0.4369602763385147,-0.5560882139241765,0.8186528497409327,0.16580310880829016,0.015544041450777202
458,3,853.160773244942,1,1,1177,12.107318630616366,2.9549702633814783,0.44519966015293116,-0.4905741340798135,0.8096856414613424,0.1750212404418012,0.015293118096856415
458,4,915.0885725359352,1,1,1159,12.167738681054448,2.9628990509059534,0.44089732528041414,-0.5607776981532951,0.818809318377912,0.16824849007765316,0.012942191544434857
459,1,968.5888323521918,1,0,112,11.83753645820419,3.0625,0.5178571428571429,-0.06323567374118141,0.6607142857142857,0.19642857142857142,0.14285714285714285
459,2,1078.679730262246,1,0,147,11.757812094442873,3.068027210884354,0.5034013605442177,-0.13621642458247546,0.6802721088435374,0.20408163265306123,0.11564625850340136
459,3,1152.0225706246672,1,1,147,11.586257255328393,2.9523809523809526,0.5170068027210885,-0.08725659173297001,0.6598639455782312,0.20408163265306123,0.1360544217687075
459,4,1142.7402935250161,1,1,133,11.73630607921116,2.9323308270676693,0.518796992481203,-0.027216375659629137,0.6616541353383458,0.22556390977443608,0.11278195488721804
460,1,689.7440985799822,0,0,410,11.76824161115906,3.0682926829268293,0.4219512195121951,-0.361448075146339,0.5609756097560976,0.18048780487804877,0.25853658536585367
460,2,818.5044094389592,0,0,437,11.624160600916122,3.0869565217391304,0.45308924485125857,-0.2660510110711711,0.562929061784897,0.18993135011441648,0.2471395881006865
460,3,1009.5952502131445,0,1,424,11.5848791467118,3.0377358490566038,0.45047169811320753,-0.2545297659398195,0.5754716981132075,0.18160377358490565,0.2429245283018868
460,4,1057.0271459413332,0,1,487,11.496907133383583,3.02258726899384,0.46406570841889117,-0.1718241469590344,0.5728952772073922,0.18480492813141683,0.24229979466119098
461,1,1005.3127530980217,1,0,159,11.31952346503897,3.069182389937107,0.5723270440251572,0.13764686685425107,0.7358490566037735,0.1949685534591195,0.06918238993710692
461,2,1260.3471886424431,1,0,189,11.587616866593425,3.0634920634920637,0.5396825396825397,0.061594900083095816,0.7354497354497355,0.19047619047619047,0.07407407407407407
461,3,1404.9343873360303,1,1,196,11.448033751664733,3.020408163265306,0.5510204081632653,0.12357668847521276,0.7397959183673469,0.1836734693877551,0.07653061224489796
461,4,1414.2283461430925,1,1,192,11.472270000043762,3.0260416666666665,0.5208333333333334,0.04386396061711173,0.7447916666666666,0.17708333333333334,0.078125
462,1,920.1524888753369,1,0,91,10.880556110522832,3.120879120879121,0.6373626373626373,0.20541963982989084,0.8791208791208791,0.06593406593406594,0.054945054945054944
462,2,899.4352587271771,1,0,135,11.89584749931305,3.074074074074074,0.5925925925925926,0.0463629520854719,0.8666666666666667,0.06666666666666667,0.06666666666666667
462,3,759.5788161081134,1,1,160,11.839209544023827,3.14375,0.5625,-0.09295582227560775,0.86875,0.06875,0.0625
462,4,1045.8385497818504,1,1,156,11.930352346554288,3.128205128205128,0.5512820512820513,-0.10376876612908928,0.8717948717948718,0.07051282051282051,0.057692307692307696
463,1,765.5471951129337,1,0,718,12.145984499361784,2.988857938718663,0.4805013927576602,-0.35067736928591403,0.7966573816155988,0.15041782729805014,0.052924791086350974
463,2,869.1722207073724,1,0,701,12.177215601301123,2.958630527817404,0.48787446504992865,-0.3825224481648501,0.7902995720399429,0.15691868758915833,0.052781740370898715
463,3,974.35728123600245,1,1,664,12.247172641647838,2.9352409638554215,0.4924698795180723,-0.364540494474112,0.79216867469879515,0.1566265060240964,0.05120481927710843
463,4,1259.8790133990046,1,1,679,12.173589535330649,2.9234167893961707,0.4992636229749632,-0.3226928188737103,0.780559646539028,0.16789396170839468,0.05154639175257732
464,1,959.1387359810042,0,0,2717,11.357979989309179,3.0456385719543615,0.5568641884431358,0.17917648466964894,0.5031284504968716,0.37099742362900257,0.1258741258741259
464,2,1201.2853033389524,0,0,2762,11.39848747415345,3.0329471397538015,0.559015206372194,0.18095381916272965,0.49746560463432293,0.3729181752353367,0.12961622013034033
464,3,1443.9740476523918,0,1,2756,11.506982293583336,3.050798258345428,0.5511611030478955,0.16308652746249236,0.49564586357039186,0.3722786647314949,0.1320754716981132
464,4,1568.136933693569,0,1,2716,11.523198164736712,3.023564064801178,0.5449189985272459,0.11039822831227404,0.49153166421207656,0.3744477172312224,0.13402061855670103
465,1,611.2193975560232,0,0,180,11.743552805854808,2.85,0.5111111111111111,-0.04160154760080619,0.7666666666666667,0.15,0.08333333333333333
465,2,877.9405148399992,0,0,179,11.706049186457323,2.815642458100559,0.4972067039106145,-0.07520809655408334,0.7597765363128491,0.16759776536312848,0.07262569832402235
465,3,1116.2670641982584,0,1,171,11.780798450196146,2.9239766081871346,0.47953216374269003,-0.04044411997335517,0.7602339181286549,0.16374269005847952,0.07602339181286549
465,4,1342.2421517369435,0,1,178,11.713828463080914,2.9775280898876404,0.5056179775280899,-0.03792887249899147,0.7471910112359551,0.16853932584269662,0.08426966292134831
466,1,767.1057229072734,1,0,167,11.293788875153728,2.9580838323353293,0.5389221556886228,-0.09938661020092383,0.9161676646706587,0.059880239520958084,0.023952095808383235
466,2,977.2945226798746,1,0,168,11.370498313044722,3.0416666666666665,0.5238095238095238,-0.13552792693302929,0.8928571428571429,0.07142857142857142,0.03571428571428571
466,3,1070.8514152174005,1,1,168,11.192606556782762,3.005952380952381,0.5,-0.17194180261484895,0.9107142857142857,0.06547619047619048,0.023809523809523808
466,4,922.68274865802,1,1,182,10.995384260301327,2.9285714285714284,0.4945054945054945,-0.16481555771331635,0.9065934065934066,0.07142857142857142,0.02197802197802198
467,1,846.5123197708078,0,0,457,11.781799121698858,3.089715536105033,0.5076586433260394,-0.24809151747308084,0.9234135667396062,0.05689277899343545,0.019693654266958426
467,2,1024.736662477171,0,0,472,11.602691897401389,3.0338983050847457,0.5084745762711864,-0.2325710871498827,0.9216101694915254,0.057203389830508475,0.0211864406779661
467,3,932.1150651529827,0,1,480,11.731786524651335,3.064583333333333,0.5,-0.18854224594038438,0.925,0.05416666666666667,0.020833333333333332
467,4,1200.0949635148615,0,1,477,11.79930849860618,2.991614255765199,0.5052410901467506,-0.19259721322866694,0.9266247379454927,0.05241090146750524,0.020964360587002098
468,1,1306.0461971003494,0,0,327,11.066550459891127,3.051987767584098,0.5963302752293578,0.3354206074348762,0.7492354740061162,0.19571865443425077,0.05504587155963303
468,2,1331.8422516411997,0,0,315,11.051117681597695,3.088888888888889,0.5841269841269842,0.3356747643653411,0.7492063492063492,0.2,0.050793650793650794
468,3,1543.2124637942313,0,1,379,11.517764197247054,3.058047493403694,0.5488126649076517,0.14935568753609435,0.7519788918205804,0.18733509234828497,0.06068601583113457
468,4,1617.9313860426255,0,1,364,11.444125804080018,3.0384615384615383,0.5247252747252747,0.1186689359996734,0.7554945054945055,0.1813186813186813,0.06318681318681318
469,1,889.0224430551257,0,0,659,11.506804138916069,2.974203338391502,0.5371775417298937,0.10803760647304377,0.47040971168437024,0.3353566009104704,0.19423368740515934
469,2,1106.0635837893878,0,0,613,11.47528336642297,2.9526916802610113,0.533442088091354,0.10226208913955787,0.4698205546492659,0.3360522022838499,0.19412724306688417
469,3,1234.9447402443952,0,1,611,11.62681640491914,2.9263502454991817,0.513911620294599,0.04181486941310445,0.46481178396072015,0.337152209492635,0.19803600654664485
469,4,1191.5014946602405,0,1,597,11.760653231649021,2.9681742043551087,0.4991624790619765,-0.034760087540692514,0.4723618090452261,0.3249581239530988,0.20268006700167504
470,1,1156.8142303193883,0,0,79,10.87082095303336,2.9873417721518987,0.6329113924050633,0.5078222880403859,0.7848101265822784,0.1518987341772152,0.06329113924050633
470,2,1729.3476591757865,0,0,78,11.045699025363554,2.9743589743589745,0.6538461538461539,0.4100623257883525,0.8205128205128205,0.1282051282051282,0.05128205128205128
470,3,1849.9973989338862,0,1,72,11.00809845508191,3.013888888888889,0.625,0.4474510827572797,0.8055555555555556,0.1388888888888889,0.05555555555555555
470,4,1250.2585661208554,0,1,89,11.09647079890588,2.966292134831461,0.6404494382022472,0.3588211212979664,0.8202247191011236,0.11235955056179775,0.06741573033707865
471,1,824.9814061249397,0,0,574,11.273353316212429,3.0313588850174216,0.5121951219512195,0.07946805857573454,0.8710801393728222,0.06794425087108014,0.06097560975609756
471,2,986.1986227971502,0,0,573,11.253294627868682,3.0506108202443283,0.5008726003490401,0.10230896003682322,0.8726003490401396,0.06631762652705062,0.06108202443280977
471,3,1232.7814344210165,0,1,618,11.513962002864973,3.0097087378640777,0.4935275080906149,0.012493125970609748,0.8802588996763754,0.061488673139158574,0.05825242718446602
471,4,1441.6157238938895,0,1,655,11.370614232178475,2.978625954198473,0.5038167938931297,0.02496700681132862,0.8854961832061069,0.050381679389312976,0.06412213740458016
472,1,759.9721156104024,0,0,604,11.634870470961774,2.998344370860927,0.5231788079470199,-0.21848049472358672,0.5099337748344371,0.20033112582781457,0.2897350993377483
472,2,946.833090488641,0,0,599,11.596249180596757,3.03338898163606,0.5075125208681135,-0.1994310067624546,0.5025041736227045,0.19699499165275458,0.3005008347245409
472,3,1107.2129643203643,0,1,590,11.548714369260736,3.013559322033898,0.5135593220338983,-0.17146439238033656,0.5033898305084745,0.19152542372881357,0.3050847457627119
472,4,1305.4794074945848,0,1,577,11.587639086307624,2.9913344887348354,0.5077989601386482,-0.15899611110996306,0.49740034662045063,0.18890814558058924,0.31369150779896016
473,1,831.5576936152903,0,0,140,11.048682061566076,3.3857142857142857,0.6,0.19508864433102163,0.8,0.10714285714285714,0.09285714285714286
473,2,1185.96177966076,0,0,132,11.033415140717267,3.340909090909091,0.5984848484848485,0.13382765347807796,0.7878787878787878,0.12121212121212122,0.09090909090909091
473,3,1465.477750670113,0,1,135,10.865852319382789,3.311111111111111,0.5925925925925926,0.15831776986800766,0.7777777777777778,0.1037037037037037,0.11851851851851852
473,4,1417.418074130981,0,1,132,10.667255011210539,3.227272727272727,0.5833333333333334,0.20198196625153722,0.7727272727272727,0.12878787878787878,0.09848484848484848
474,1,1009.127121673928,0,0,676,11.344525473824644,2.974852071005917,0.5872781065088757,0.2016553094861733,0.8062130177514792,0.128698224852071,0.0650887573964497
474,2,1173.510811977278,0,0,761,11.491984860822768,2.961892247043364,0.5676741130091985,0.11344494645559229,0.812089356110381,0.12352168199737187,0.06438896189224705
474,3,1246.4277080937434,0,1,747,11.51109297760213,2.9558232931726907,0.5475234270414994,0.03492178632671448,0.8125836680053548,0.12048192771084337,0.06693440428380187
474,4,1396.2476586772884,0,1,730,11.56781752533,2.9,0.541095890410959,-4.8115648033715617e-4,0.810958904109589,0.12602739726027398,0.06301369863013699
475,1,998.8586191238693,1,0,281,11.220551700700561,3.0462633451957295,0.5302491103202847,0.10039808433371536,0.7544483985765125,0.15658362989323843,0.08896797153024912
475,2,1345.9408852519023,1,0,283,11.27467678117482,3.0989399293286217,0.5406360424028268,0.05035427414801182,0.7491166077738516,0.15901060070671377,0.09187279151943463
475,3,1334.8332833692577,1,1,275,11.158131095841327,3.0727272727272728,0.5272727272727272,0.044872644446158926,0.7527272727272727,0.15272727272727274,0.09454545454545454
475,4,1984.0241507735866,1,1,255,11.034585572841069,3.007843137254902,0.5333333333333333,0.04060057175842962,0.7490196078431373,0.1568627450980392,0.09411764705882353
476,1,790.1191215191345,0,0,736,11.615467235242033,2.985054347826087,0.5421195652173914,-0.11850257744944191,0.7078804347826086,0.20516304347826086,0.08695652173913043
476,2,949.3949184452474,0,0,709,11.584115067536182,2.9661495063469676,0.538787023977433,-0.09572356987861173,0.6953455571227081,0.2143864598025388,0.09026798307475317
476,3,1075.152850072346,0,1,681,11.610033206119459,2.9779735682819384,0.540381791483113,-0.09573828964841848,0.697503671071953,0.21292217327459617,0.08957415565345081
476,4,1131.564073314499,0,1,689,11.621050083607502,2.984034833091437,0.5341074020319303,-0.12919754578754092,0.7010159651669086,0.20899854862119013,0.0899854862119013
477,1,646.155627402127,1,0,418,11.298636032133368,3.055023923444976,0.583732057416268,0.21263556145875692,0.6196172248803827,0.21052631578947367,0.16985645933014354
477,2,902.9496646410302,1,0,464,11.219665746148726,3.0883620689655173,0.5862068965517241,0.20194671402079234,0.6185344827586207,0.21120689655172414,0.17025862068965517
477,3,1287.0432090602305,1,1,457,11.326797461501656,3.1072210065645516,0.5908096280087527,0.1798758091784303,0.6258205689277899,0.20568927789934355,0.16849015317286653
477,4,1163.6956622208145,1,1,490,11.379099111985353,3.0918367346938775,0.5653061224489796,0.10558394990301952,0.6183673469387755,0.22040816326530613,0.16122448979591836
478,1,840.674694529171,0,0,644,11.52504748932575,3.059006211180124,0.5838509316770186,0.17564307593622894,0.7872670807453416,0.14751552795031056,0.06521739130434782
478,2,1061.9429526727656,0,0,607,11.500541910829522,3.102141680395387,0.5782537067545305,0.15982622204923858,0.7940691927512356,0.1515650741350906,0.054365733113673806
478,3,1268.6392334253196,0,1,610,11.562873912598114,3.119672131147541,0.5836065573770491,0.15037015765715728,0.7967213114754098,0.15081967213114755,0.05245901639344262
478,4,1255.613045995869,0,1,646,11.719847798820139,3.0944272445820435,0.5588235294117647,0.07104339414141293,0.7956656346749226,0.1563467492260062,0.047987616099071206
479,1,1185.2883260726119,0,0,551,11.389477405676383,3.010889292196007,0.5716878402903811,0.1802109306957177,0.5009074410163339,0.2323049001814882,0.26678765880217786
479,2,1153.1510811217101,0,0,541,11.35931336312415,3.009242144177449,0.5822550831792976,0.20598429992401932,0.48613678373382624,0.23475046210720887,0.27911275415896486
479,3,1203.0911156556685,0,1,545,11.47184246138366,3.018348623853211,0.5596330275229358,0.14465355963734103,0.48440366972477067,0.23302752293577983,0.28256880733944956
479,4,1336.004202976157,0,1,522,11.659919869107544,3.0057471264367814,0.5517241379310345,0.07704022666258299,0.5019157088122606,0.22413793103448276,0.2739463601532567
480,1,811.1999697202442,0,0,1251,11.347414256246015,2.883293365307754,0.5523581135091926,0.11324243598690963,0.6514788169464428,0.19664268585131894,0.1518784972022382
480,2,999.3123753205899,0,0,1271,11.379308169623652,2.8898505114083397,0.5405192761605035,0.10934304234079296,0.6443745082612117,0.2006294256490952,0.15499606608969316
480,3,1123.0037979510143,0,1,1315,11.45142879698214,2.896577946768061,0.5346007604562738,0.0508706385972212,0.6418250950570342,0.20456273764258556,0.15361216730038021
480,4,1312.4053807996,0,1,1275,11.5395197255897,2.912156862745098,0.5231372549019608,-0.017893468540975094,0.6525490196078432,0.19607843137254902,0.15137254901960784
481,1,802.7899541419082,1,0,950,11.825234589383639,2.9894736842105263,0.49473684210526314,-0.3614619334815679,0.6884210526315789,0.17473684210526316,0.1368421052631579
481,2,882.7757065712277,1,0,902,11.828435231822858,3.008869179600887,0.5066518847006651,-0.32099433476451206,0.688470066518847,0.17516629711751663,0.13636363636363635
481,3,976.0972720172531,1,1,869,11.697576914806067,3.0529344073647873,0.5074798619102416,-0.2818705187990277,0.6754890678941312,0.17951668584579977,0.14499424626006904
481,4,1031.4592230544804,1,1,874,11.747833005953211,3.0606407322654463,0.5011441647597255,-0.2930195322720557,0.6819221967963387,0.17620137299771166,0.14187643020594964
482,1,818.8303647228113,0,0,843,11.199007575070736,3.0083036773428233,0.564650059311981,0.0687026907634817,0.641755634638197,0.29537366548042704,0.06287069988137604
482,2,1236.9541234777594,0,0,821,11.172526928877563,2.9963459196102313,0.5736906211936662,0.10364799402766248,0.6382460414129111,0.29476248477466505,0.06699147381242387
482,3,1396.0038741925973,0,1,866,11.208283366794328,2.976905311778291,0.5704387990762124,0.10004798358359275,0.6339491916859122,0.2967667436489607,0.06928406466512702
482,4,1583.8288070644603,0,1,845,11.372483280484383,2.979881656804734,0.5644970414201184,0.05915069067622857,0.6272189349112426,0.29704142011834317,0.0757396449704142
483,1,832.2151584238347,0,0,866,11.919894739341279,2.996535796766744,0.4722863741339492,-0.21337056302326074,0.7713625866050808,0.15473441108545036,0.07390300230946882
483,2,837.5147495989089,0,0,836,11.964627516206717,3.034688995215311,0.465311004784689,-0.26699144701172933,0.7751196172248804,0.15669856459330145,0.06818181818181818
483,3,891.9325471200965,0,1,839,11.929907072686564,3.033373063170441,0.4767580452920143,-0.22912777364941384,0.7759237187127532,0.15852205005959474,0.06555423122765197
483,4,1067.25813178548,0,1,835,11.945149023762609,3.037125748502994,0.47065868263473054,-0.24623752441589028,0.7676646706586826,0.17005988023952096,0.06227544910179641
484,1,972.4342299165261,0,0,111,11.115083538680674,2.8828828828828827,0.6306306306306306,0.25276613931003106,0.8108108108108109,0.18018018018018017,0.009009009009009009
484,2,1346.9071890952384,0,0,130,11.2815243656821,2.7846153846153845,0.5769230769230769,0.16024007099751547,0.8307692307692308,0.15384615384615385,0.015384615384615385
484,3,1217.6961591169115,0,1,127,10.859970676113685,2.921259842519685,0.5511811023622047,0.13978981422542544,0.8031496062992126,0.18110236220472442,0.015748031496062992
484,4,2253.8741684637193,0,1,128,10.820206771498121,3.03125,0.5390625,0.21488868923301108,0.7890625,0.1953125,0.015625
485,1,750.4821421411973,1,0,1251,12.385843854954897,2.9896083133493208,0.43565147881694644,-0.5538264808622693,0.5819344524380495,0.34532374100719426,0.07274180655475619
485,2,723.1142386957184,1,0,1238,12.345836321365576,2.961227786752827,0.45395799676898224,-0.5105366910671545,0.567043618739903,0.35864297253634897,0.07431340872374798
485,3,884.6530702790404,1,1,1252,12.233842722951072,2.9472843450479234,0.4720447284345048,-0.46576263496403275,0.5630990415335463,0.36501597444089456,0.07188498402555911
485,4,965.5005456681453,1,1,1211,12.280774014103418,2.9298100743187447,0.4690338563170933,-0.42251470726624163,0.5689512799339389,0.36003303055326175,0.07101568951279934
486,1,646.8212197172619,1,0,102,11.517838879658063,2.8333333333333335,0.5392156862745098,-0.1541443633758973,0.6568627450980392,0.19607843137254902,0.14705882352941177
486,2,878.2163502157443,1,0,143,12.565529749889246,3.1188811188811187,0.4755244755244755,-0.5512280426840699,0.5944055944055944,0.21678321678321677,0.1888111888111888
486,3,870.0464775207618,1,1,141,12.595696657062948,3.106382978723404,0.49645390070921985,-0.5308509070744865,0.6028368794326241,0.22695035460992907,0.1702127659574468
486,4,1059.1424894498998,1,1,138,12.696250477915001,3.1449275362318843,0.5,-0.582948290729403,0.5942028985507246,0.2391304347826087,0.16666666666666666
487,1,757.618894138107,0,0,376,10.911452310782407,2.845744680851064,0.5771276595744681,0.1969138955463619,0.6436170212765957,0.23404255319148937,0.12234042553191489
487,2,1151.7807430214448,0,0,370,10.958208567761814,2.8,0.5945945945945946,0.16377502691242662,0.6405405405405405,0.23513513513513515,0.12432432432432433
487,3,1202.7534106657754,0,1,373,11.161586144442316,2.871313672922252,0.5978552278820375,0.12030094094558684,0.646112600536193,0.2386058981233244,0.11528150134048257
487,4,1211.424724534621,0,1,358,11.327724871233752,2.8966480446927374,0.6005586592178771,0.10949389856549817,0.6340782122905028,0.25139664804469275,0.11452513966480447
488,1,832.5334105983404,0,0,88,10.696898762919034,3.0681818181818183,0.5454545454545454,0.12224142030658988,0.42045454545454547,0.3522727272727273,0.22727272727272727
488,2,1364.6357636138462,0,0,92,10.869809546028593,3.108695652173913,0.5108695652173914,-0.004703395311453381,0.41304347826086957,0.3695652173913043,0.21739130434782608
488,3,1139.6953149439544,0,1,87,11.245503027216701,3.0229885057471266,0.5402298850574713,-0.023608809028612954,0.4482758620689655,0.3563218390804598,0.19540229885057472
488,4,1630.6654986472486,0,1,97,10.937683492891518,2.948453608247423,0.5360824742268041,-0.04246717763520725,0.4536082474226804,0.3711340206185567,0.17525773195876287
489,1,900.5586104653814,1,0,504,11.467094923002213,2.9781746031746033,0.5853174603174603,0.32857048861957433,0.5853174603174603,0.2123015873015873,0.20238095238095238
489,2,1273.0192931511253,1,0,536,11.351732322137508,2.9738805970149254,0.6007462686567164,0.37322730630897005,0.5802238805970149,0.22574626865671643,0.19402985074626866
489,3,1288.285247926071,1,1,547,11.485617868016057,2.9140767824497256,0.5868372943327239,0.32665202807602645,0.583180987202925,0.2230347349177331,0.19378427787934185
489,4,1442.2246477632532,1,1,540,11.390605939439846,2.887037037037037,0.5888888888888889,0.3257501982481393,0.5851851851851851,0.22592592592592592,0.18888888888888888
490,1,938.7542649994062,1,0,698,11.049594700889314,2.8939828080229226,0.5487106017191977,0.1893568192005225,0.7234957020057307,0.1977077363896848,0.07879656160458452
490,2,1164.223737138417,1,0,668,11.04101714821822,2.907185628742515,0.5359281437125748,0.1715818778773158,0.7290419161676647,0.18862275449101795,0.08233532934131736
490,3,1511.3005468850833,1,1,681,11.04282977583195,2.9368575624082234,0.540381791483113,0.17653068389996832,0.7268722466960352,0.1894273127753304,0.08370044052863436
490,4,1687.3368704388743,1,1,631,11.010052447551766,2.9270998415213945,0.5404120443740095,0.18008077766029423,0.7210776545166403,0.1949286846275753,0.08399366085578447
491,1,782.5110759732438,1,0,504,12.118243014724637,3.0575396825396823,0.4722222222222222,-0.23887907408878215,0.5416666666666666,0.14682539682539683,0.3115079365079365
491,2,930.9843229623641,1,0,509,11.915653098114298,3.06090373280943,0.481335952848723,-0.22044489144412585,0.5402750491159135,0.14931237721021612,0.3104125736738703
491,3,1075.4211307152218,1,1,505,11.935476945298575,3.0495049504950495,0.4792079207920792,-0.19914192856459723,0.5287128712871287,0.1504950495049505,0.3207920792079208
491,4,1188.5027324355628,1,1,478,11.902261290027365,3.0543933054393304,0.47280334728033474,-0.16426334138167173,0.5230125523012552,0.15690376569037656,0.3200836820083682
492,1,868.2347451494146,0,0,200,11.406345974542822,3.135,0.535,0.04986154014117614,0.85,0.13,0.02
492,2,1011.8292878809191,0,0,232,11.262212392860944,3.189655172413793,0.5431034482758621,-0.015982576444134488,0.8362068965517241,0.14224137931034483,0.021551724137931036
492,3,1161.202571326217,0,1,213,11.251062021166312,3.248826291079812,0.5446009389671361,0.008068547612572346,0.8215962441314554,0.15023474178403756,0.028169014084507043
492,4,1452.8497037862312,0,1,203,11.410370017416055,3.226600985221675,0.5320197044334976,0.043014549723925266,0.8226600985221675,0.1477832512315271,0.029556650246305417
493,1,1060.3476278528835,0,0,103,11.551222571606296,2.854368932038835,0.6213592233009708,0.10187452955739497,0.5728155339805825,0.17475728155339806,0.2524271844660194
493,2,1075.4196701671458,0,0,123,11.676596169308775,2.8048780487804876,0.5691056910569106,-0.01922033620612679,0.5853658536585366,0.1951219512195122,0.21951219512195122
493,3,1046.3780230924924,0,1,116,11.797712956892004,2.793103448275862,0.5431034482758621,-0.049718961266996826,0.5603448275862069,0.21551724137931033,0.22413793103448276
493,4,1007.8534600075303,0,1,160,11.583638941467145,2.96875,0.54375,0.04761244781965199,0.575,0.2125,0.2125
494,1,672.6292893538774,0,0,332,11.725327599372434,2.897590361445783,0.5150602409638554,-0.10697877741282162,0.7259036144578314,0.25,0.024096385542168676
494,2,922.1629797145695,0,0,335,11.61526666296785,2.9223880597014924,0.5134328358208955,-0.0764233152852996,0.7164179104477612,0.25970149253731345,0.023880597014925373
494,3,1124.9853341223209,0,1,349,11.657768530214412,2.988538681948424,0.49283667621776506,-0.1296405158007546,0.7220630372492837,0.24641833810888253,0.03151862464183381
494,4,1050.3017765540214,0,1,336,11.536053680301151,2.9732142857142856,0.5,-0.12160497446645116,0.7261904761904762,0.24404761904761904,0.02976190476190476
495,1,765.1439575897157,0,0,495,10.799890776398568,3.022222222222222,0.696969696969697,0.5076313409362442,0.8181818181818182,0.1191919191919192,0.06262626262626263
495,2,1427.821487544576,0,0,482,10.75697614262312,3.008298755186722,0.6908713692946058,0.5016771237688545,0.8236514522821576,0.11825726141078838,0.058091286307053944
495,3,1532.3986368294263,0,1,485,10.761245998548938,3.0061855670103093,0.6907216494845361,0.49323415222555667,0.8164948453608247,0.11752577319587629,0.06597938144329897
495,4,1640.0541175075152,0,1,466,11.066142810421814,3.015021459227468,0.6802575107296137,0.37517874795236544,0.8111587982832618,0.12446351931330472,0.06437768240343347
496,1,748.9228859792081,0,0,983,12.110406355635742,2.989827060020346,0.45676500508647,-0.4668073610408603,0.7182095625635809,0.2115971515768057,0.07019328585961343
496,2,915.9918123118186,0,0,947,12.123100935287502,2.9640971488912355,0.4656810982048574,-0.41753641874013003,0.7148891235480465,0.21013727560718057,0.07497360084477296
496,3,1091.472133674407,0,1,960,11.987148610861055,2.915625,0.48020833333333335,-0.38880517473609777,0.7208333333333333,0.20625,0.07291666666666667
496,4,1228.6065896625169,0,1,887,11.99330361837032,2.9098083427282977,0.4904171364148816,-0.36912889209478167,0.713641488162345,0.21307779030439683,0.07328072153325817
497,1,786.9778443370353,1,0,294,11.263699798610544,2.7653061224489797,0.5272108843537415,0.05044293815626402,0.6870748299319728,0.25170068027210885,0.061224489795918366
497,2,961.1237759489742,1,0,280,11.234667591304827,2.717857142857143,0.525,0.03636698621203121,0.6928571428571428,0.25,0.05714285714285714
497,3,1065.82011493942,1,1,294,11.317398379744336,2.7823129251700682,0.5136054421768708,-0.04349874112372453,0.6904761904761905,0.23809523809523808,0.07142857142857142
497,4,1245.0908809346026,1,1,288,11.253562889755234,2.78125,0.5069444444444444,-0.05640807205084022,0.6909722222222222,0.23958333333333334,0.06944444444444445
498,1,676.06276652789,0,0,153,11.930178049601517,2.8758169934640523,0.477124183006536,-0.35229968686704516,0.7908496732026143,0.08496732026143791,0.12418300653594772
498,2,1073.6895824257856,0,0,178,11.962158513654272,2.9101123595505616,0.48314606741573035,-0.2982170849899893,0.7808988764044944,0.0898876404494382,0.12921348314606743
498,3,904.0985277152315,0,1,211,11.708239243181849,2.8199052132701423,0.4976303317535545,-0.22371762348080956,0.7867298578199052,0.0947867298578199,0.11848341232227488
498,4,869.7408507949378,0,1,202,11.924556701436613,2.8217821782178216,0.5,-0.29275761291793934,0.7970297029702971,0.09405940594059406,0.10891089108910891
499,1,1233.3956665212672,1,0,314,10.703481610187376,2.9745222929936306,0.5605095541401274,0.21887294911787672,0.8630573248407644,0.11146496815286625,0.025477707006369428
499,2,1206.2357197051613,1,0,295,10.611526207687374,2.952542372881356,0.5796610169491525,0.23428711050615691,0.8813559322033898,0.09152542372881356,0.02711864406779661
499,3,1308.9642728156448,1,1,321,10.819362824655675,2.9345794392523366,0.5669781931464174,0.09466121710013393,0.881619937694704,0.09034267912772585,0.028037383177570093
499,4,1460.9791755104307,1,1,303,10.830962242321732,2.9834983498349836,0.5544554455445545,0.08416947647808917,0.8844884488448845,0.08250825082508251,0.033003300330033
500,1,1150.22917169825,0,0,334,11.39137074558941,2.8832335329341316,0.592814371257485,0.1804705062138783,0.8532934131736527,0.11077844311377245,0.03592814371257485
500,2,1544.159857346844,0,0,324,11.34971288934612,2.8425925925925926,0.5925925925925926,0.1860288085949349,0.8703703703703703,0.09567901234567901,0.033950617283950615
500,3,1344.9160719198992,0,1,315,11.387601148164503,2.888888888888889,0.6063492063492063,0.14175302642059165,0.873015873015873,0.09523809523809523,0.031746031746031744
500,4,1388.1234478926485,0,1,306,11.373528713546865,2.869281045751634,0.5915032679738562,0.10222276137822871,0.8725490196078431,0.09803921568627451,0.029411764705882353
