id.practice,year,Y,Z,post,n.patients,V1_avg,V2_avg,V3_avg,V4_avg,V5_A_avg,V5_B_avg,V5_C_avg
1,1,1006.2909359937692,0,0,301,11.022980807333651,2.9700996677740865,0.6478405315614618,0.5100891016555881,0.6976744186046512,0.2558139534883721,0.046511627906976744
1,2,1671.1326837607141,0,0,298,11.00293553380224,2.976510067114094,0.6409395973154363,0.49172911269949776,0.6912751677852349,0.26174496644295303,0.04697986577181208
1,3,1714.809838717266,0,1,303,11.12627123628228,2.9735973597359737,0.6039603960396039,0.39913334358252683,0.6996699669966997,0.2607260726072607,0.039603960396039604
1,4,1898.127050250503,0,1,292,11.282886516011295,3.0136986301369864,0.5924657534246576,0.37356118273157307,0.6917808219178082,0.2636986301369863,0.04452054794520548
2,1,912.9196886460111,0,0,464,11.573509027771534,2.9956896551724137,0.5172413793103449,-0.07013334213603196,0.6142241379310345,0.30387931034482757,0.08189655172413793
2,2,1076.0106553849566,0,0,455,11.610079246093518,3,0.5054945054945055,-0.0970278491804548,0.610989010989011,0.3098901098901099,0.07912087912087912
2,3,1061.2115622472672,0,1,475,11.596409645851875,3.04,0.5031578947368421,-0.11214094437370474,0.6189473684210526,0.2905263157894737,0.09052631578947369
2,4,1291.4096110077392,0,1,490,11.524973086439799,3.012244897959184,0.5040816326530613,-0.13317017466609363,0.6163265306122448,0.29183673469387755,0.09183673469387756
3,1,1184.8602160189755,0,0,494,11.269893256298948,3.0020242914979756,0.6072874493927125,0.23658161271247222,0.5344129554655871,0.2591093117408907,0.20647773279352227
3,2,1187.7625424544683,0,0,484,11.286398772256609,2.9917355371900825,0.5991735537190083,0.2338755965009179,0.5475206611570248,0.24586776859504134,0.2066115702479339
3,3,1222.896037420368,0,1,501,11.373611381566704,3.0159680638722555,0.5968063872255489,0.2110932085162151,0.5588822355289421,0.23552894211576847,0.2055888223552894
3,4,1376.5061790318646,0,1,503,11.38091051864351,3.0636182902584492,0.6023856858846919,0.1872639379897396,0.5526838966202783,0.24254473161033796,0.2047713717693837
4,1,672.5385158907018,0,0,266,11.423912337638768,3.0977443609022557,0.5939849624060151,-0.07772230931486526,0.6052631578947368,0.22180451127819548,0.17293233082706766
4,2,869.7411893698662,0,0,252,11.471115896143246,3.0555555555555554,0.6071428571428571,-0.06949641556682645,0.623015873015873,0.20634920634920634,0.17063492063492064
4,3,964.3819855781885,0,1,247,11.418036956305137,3.0445344129554655,0.5991902834008097,-0.06330398576279583,0.6072874493927125,0.20242914979757085,0.1902834008097166
4,4,1277.4202916120357,0,1,258,11.718645594468043,2.996124031007752,0.5813953488372093,-0.12081173201997258,0.6162790697674418,0.2054263565891473,0.17829457364341086
5,1,678.8327893468883,1,0,985,11.774291910501107,3.0253807106598987,0.5106598984771573,-0.1585727475450412,0.7441624365482233,0.15939086294416244,0.09644670050761421
5,2,898.8610246214214,1,0,1007,11.749879235638364,3.012909632571996,0.5044687189672294,-0.14382505530950407,0.7378351539225422,0.16583912611717974,0.09632571996027806
5,3,1012.2246700526008,1,1,959,11.682106648917708,3.021897810218978,0.5078206465067779,-0.10804048644785755,0.735140771637122,0.1678832116788321,0.09697601668404589
5,4,1186.4791594452313,1,1,931,11.637407232587512,3.016111707841031,0.5005370569280344,-0.08642359562366736,0.7379162191192267,0.16004296455424274,0.10204081632653061
6,1,1047.9000462264362,1,0,291,11.261594778900609,2.9621993127147768,0.5257731958762887,0.2495252531138497,0.49828178694158076,0.30927835051546393,0.19243986254295534
6,2,1296.271332708136,1,0,293,11.158680732010415,2.9180887372013653,0.515358361774744,0.2563187808251068,0.5085324232081911,0.3037542662116041,0.18771331058020477
6,3,1383.4135303538935,1,1,308,11.07522434825067,2.896103896103896,0.5227272727272727,0.2145093643435094,0.512987012987013,0.2987012987012987,0.18831168831168832
6,4,1589.1033506589201,1,1,315,11.033372292784726,2.965079365079365,0.5079365079365079,0.13751941773040846,0.4888888888888889,0.31746031746031744,0.19365079365079366
7,1,729.878392048539,0,0,333,11.289394992645375,3.0720720720720722,0.5615615615615616,0.04253843828775866,0.4864864864864865,0.2852852852852853,0.22822822822822822
7,2,957.9781833229121,0,0,314,11.259169277925174,3.1019108280254777,0.5605095541401274,0.056025864654405046,0.4872611464968153,0.28343949044585987,0.22929936305732485
7,3,1119.607167458397,0,1,318,11.384818266556008,3.1132075471698113,0.5660377358490566,0.05605992988940952,0.4968553459119497,0.2672955974842767,0.2358490566037736
7,4,1364.1125662940785,0,1,341,11.288450843867,3.026392961876833,0.5630498533724341,0.009055825857144014,0.49853372434017595,0.28152492668621704,0.21994134897360704
8,1,929.2941039035118,0,0,840,11.313137051054571,2.9357142857142855,0.5607142857142857,0.0800465937299064,0.42857142857142855,0.32976190476190476,0.24166666666666667
8,2,1040.9734878286354,0,0,882,11.351590086482075,2.8979591836734695,0.5702947845804989,0.10171434567076316,0.41836734693877553,0.3276643990929705,0.25396825396825395
8,3,1157.2029507299317,0,1,850,11.254833222258595,2.9305882352941177,0.5670588235294117,0.09195905152790183,0.4117647058823529,0.3270588235294118,0.2611764705882353
8,4,1318.328129034792,0,1,813,11.147736215798378,2.990159901599016,0.5584255842558425,0.09889364503700092,0.4145141451414514,0.33087330873308735,0.25461254612546125
9,1,1048.5962874792358,0,0,124,11.676152211503561,3.2338709677419355,0.5806451612903226,0.40451287173585104,0.46774193548387094,0.43548387096774194,0.0967741935483871
9,2,1713.6478044187334,0,0,157,11.65143714741172,3.210191082802548,0.5159235668789809,0.1555160728456169,0.445859872611465,0.4267515923566879,0.12738853503184713
9,3,1063.1076161000476,0,1,171,11.817972829349648,3.2046783625730995,0.5321637426900585,0.1614642466224269,0.4678362573099415,0.4093567251461988,0.12280701754385964
9,4,1265.7013004139235,0,1,161,11.897654386022623,3.2236024844720497,0.515527950310559,0.12698051970871163,0.4658385093167702,0.422360248447205,0.11180124223602485
10,1,646.3660890770208,0,0,255,12.001769513944687,2.7098039215686276,0.4588235294117647,-0.24657439449486215,0.7725490196078432,0.10588235294117647,0.12156862745098039
10,2,725.8216691933316,0,0,261,12.066303664724762,2.8314176245210727,0.4674329501915709,-0.23629768517145483,0.7777777777777778,0.10344827586206896,0.11877394636015326
10,3,827.647961791576,0,1,246,12.066652513802307,2.8252032520325203,0.4715447154471545,-0.23800412258388534,0.7845528455284553,0.0975609756097561,0.11788617886178862
10,4,851.8712356387756,0,1,221,12.156057772165042,2.823529411764706,0.45248868778280543,-0.22124622134859723,0.7918552036199095,0.09049773755656108,0.11764705882352941
11,1,690.0742446946541,0,0,346,10.945153788704154,3.0202312138728322,0.5838150289017341,0.22650564932483247,0.5924855491329479,0.2658959537572254,0.1416184971098266
11,2,981.2718687480326,0,0,402,11.160301389265053,3.0671641791044775,0.5870646766169154,0.20023979271477646,0.5671641791044776,0.26616915422885573,0.16666666666666666
11,3,1222.9404396073214,0,1,400,11.114723496058165,3.0975,0.5825,0.19703114166764035,0.565,0.265,0.17
11,4,1307.071820781913,0,1,389,11.08585124077321,3.107969151670951,0.5809768637532133,0.165677542095102,0.5604113110539846,0.2750642673521851,0.16452442159383032
12,1,621.6561916219775,0,0,402,12.154132756574286,2.91044776119403,0.4502487562189055,-0.29920533557990264,0.6965174129353234,0.1791044776119403,0.12437810945273632
12,2,770.4508422061334,0,0,424,11.995993686194902,2.9410377358490565,0.44575471698113206,-0.3229615286665055,0.7051886792452831,0.18160377358490565,0.11320754716981132
12,3,865.1478841238929,0,1,400,11.85497148688731,2.9325,0.465,-0.24449015316786074,0.7075,0.1775,0.115
12,4,1007.3367027623954,0,1,390,11.81468106092757,2.933333333333333,0.4717948717948718,-0.24090390796957895,0.6974358974358974,0.19230769230769232,0.11025641025641025
13,1,1079.816131517222,0,0,159,12.0207312510894,2.7672955974842766,0.5157232704402516,-0.035704641584209725,0.8113207547169812,0.1069182389937107,0.08176100628930817
13,2,1359.0871552262338,0,0,156,11.92463235494091,2.7948717948717947,0.5256410256410257,-0.09274894633816204,0.8141025641025641,0.08974358974358974,0.09615384615384616
13,3,1073.1345586462255,0,1,148,11.909898130005452,2.77027027027027,0.4864864864864865,-0.15597541843932883,0.8445945945945946,0.08783783783783784,0.06756756756756757
13,4,1147.6039120755563,0,1,144,11.791837878307538,2.7152777777777777,0.4791666666666667,-0.136453321154556,0.8680555555555556,0.0763888888888889,0.05555555555555555
14,1,705.7780106236231,0,0,426,12.89702718823249,3.0375586854460095,0.3685446009389671,-0.8163259409021343,0.5375586854460094,0.31690140845070425,0.14553990610328638
14,2,767.6637309771764,0,0,488,12.801011623744568,3.0901639344262297,0.39344262295081966,-0.6951534807464598,0.5368852459016393,0.3155737704918033,0.14754098360655737
14,3,823.99949074207,0,1,466,12.867554196387053,3.060085836909871,0.3948497854077253,-0.6885815760299608,0.5493562231759657,0.30686695278969955,0.14377682403433475
14,4,837.1645153208314,0,1,501,12.792078507470865,3.035928143712575,0.40119760479041916,-0.6236438007785096,0.564870259481038,0.3013972055888224,0.13373253493013973
15,1,882.5126152014029,0,0,1097,11.196102270907872,2.98359161349134,0.577939835916135,0.20779265472275957,0.6107566089334548,0.2497721057429353,0.13947128532360983
15,2,1030.7828169984607,0,0,1059,11.26601245900414,2.9858356940509916,0.5637393767705382,0.14336537378277467,0.6043437204910292,0.2615675165250236,0.13408876298394712
15,3,1239.1683676252637,0,1,1048,11.338692654238345,2.963740458015267,0.5620229007633588,0.14944251106470147,0.5935114503816794,0.26908396946564883,0.13740458015267176
15,4,1400.0480950129406,0,1,1113,11.329242324559427,2.921832884097035,0.5588499550763701,0.13865608668468293,0.5822102425876011,0.27403414195867026,0.14375561545372867
16,1,795.7181214105116,1,0,1098,11.473652262775886,3.1602914389799635,0.5418943533697632,0.023475185477978527,0.52367941712204,0.29690346083788705,0.17941712204007285
16,2,1073.7014777712177,1,0,1100,11.38502639440296,3.1263636363636365,0.5418181818181819,0.02398685590665006,0.5345454545454545,0.2872727272727273,0.1781818181818182
16,3,1164.7865364956565,1,1,1068,11.293317963838545,3.144194756554307,0.5430711610486891,0.044653404521669535,0.550561797752809,0.2705992509363296,0.17883895131086142
16,4,1164.2477168167977,1,1,1031,11.407038443696626,3.1018428709990302,0.507274490785645,-0.05437229646075832,0.5528612997090203,0.27643064985451016,0.17070805043646944
17,1,805.5824328829742,0,0,645,11.230435759713306,3.075968992248062,0.5767441860465117,0.15973072212178313,0.5550387596899224,0.36589147286821705,0.07906976744186046
17,2,1087.886116704972,0,0,626,11.272870864017081,3.071884984025559,0.5798722044728435,0.11314231728572298,0.560702875399361,0.35942492012779553,0.07987220447284345
17,3,1327.5625811511895,0,1,629,11.344369550898556,3.1160572337042924,0.5723370429252782,0.060975425578673,0.5548489666136724,0.3656597774244833,0.0794912559618442
17,4,1256.7840861371178,0,1,597,11.477905203332119,3.11892797319933,0.559463986599665,0.05944625390377343,0.559463986599665,0.36348408710217756,0.07705192629815745
18,1,680.1869178126622,0,0,158,11.53707874829182,2.7468354430379747,0.5949367088607594,0.21651431299883026,0.6835443037974683,0.16455696202531644,0.1518987341772152
18,2,966.9326993237635,0,0,152,11.5835437990019,2.7302631578947367,0.5855263157894737,0.18711407894585702,0.6776315789473685,0.17105263157894737,0.1513157894736842
18,3,1195.2151554630416,0,1,151,11.806079665119567,2.7086092715231787,0.5894039735099338,0.16914290300793813,0.6821192052980133,0.15894039735099338,0.15894039735099338
18,4,1676.057266282561,0,1,143,11.88428077488791,2.769230769230769,0.5804195804195804,0.15153303567716275,0.6853146853146853,0.16083916083916083,0.15384615384615385
19,1,726.6799518691932,1,0,259,11.67967904743638,2.9806949806949805,0.5637065637065637,-0.057649713796770065,0.7335907335907336,0.18532818532818532,0.08108108108108109
19,2,1321.4916792145384,1,0,253,11.72899447877134,2.9446640316205532,0.5612648221343873,-0.07403129788192833,0.7470355731225297,0.17391304347826086,0.07905138339920949
19,3,937.9879765367876,1,1,258,11.935884721842415,2.9224806201550386,0.5426356589147286,-0.11734224829326277,0.7364341085271318,0.17829457364341086,0.08527131782945736
19,4,1362.4512036438427,1,1,263,12.026947910679569,2.8631178707224336,0.5285171102661597,-0.1559432229424095,0.6920152091254753,0.20152091254752852,0.10646387832699619
20,1,924.6797510289679,1,0,91,12.19223076041622,2.978021978021978,0.5604395604395604,-0.31677656066739873,0.8021978021978022,0.0989010989010989,0.0989010989010989
20,2,916.708431551591,1,0,90,11.778358330162773,3.111111111111111,0.5666666666666667,-0.2848951824018355,0.7777777777777778,0.1,0.12222222222222222
20,3,1290.088585255061,1,1,88,11.807035920698732,3.0795454545454546,0.5454545454545454,-0.22302745372301655,0.7727272727272727,0.10227272727272728,0.125
20,4,1154.8359794103553,1,1,79,11.725616352547917,2.9240506329113924,0.5569620253164557,-0.23671444724984442,0.759493670886076,0.10126582278481013,0.13924050632911392
21,1,776.3546404426004,0,0,867,11.873516927322129,3.0369088811995386,0.5547866205305652,0.0699102303368469,0.6643598615916955,0.2364475201845444,0.09919261822376009
21,2,1091.0710699409237,0,0,848,11.914497668188629,3.0235849056603774,0.5530660377358491,0.049128326906164504,0.6650943396226415,0.2358490566037736,0.09905660377358491
21,3,1025.8781517448058,0,1,894,11.900831663514735,3.0268456375838926,0.5525727069351231,0.046468610883942295,0.6633109619686801,0.22595078299776286,0.11073825503355705
21,4,1256.492400592865,0,1,893,11.790503814535269,3.0358342665173574,0.5520716685330347,0.05921018211464928,0.6606942889137738,0.22284434490481522,0.11646136618141098
22,1,1730.3186193243826,0,0,77,11.107112097449432,2.883116883116883,0.5324675324675324,0.2397937902297849,0.9090909090909091,0.03896103896103896,0.05194805194805195
22,2,825.5352137758152,0,0,85,10.57317052384017,2.9529411764705884,0.5529411764705883,0.27435430096115376,0.8823529411764706,0.058823529411764705,0.058823529411764705
22,3,1658.9734504584003,0,1,92,10.547530620297918,2.9239130434782608,0.5434782608695652,0.2105164215248872,0.8695652173913043,0.05434782608695652,0.07608695652173914
22,4,1253.0062475397003,0,1,90,10.242079912893491,2.966666666666667,0.5444444444444444,0.19151119305844502,0.8777777777777778,0.044444444444444446,0.07777777777777778
23,1,965.8575349284389,1,0,112,12.207146407860897,3.1607142857142856,0.49107142857142855,-0.2809346015142854,0.6696428571428571,0.13392857142857142,0.19642857142857142
23,2,1733.4136186098374,1,0,108,12.4374428426662,3.1666666666666665,0.4537037037037037,-0.27859614194689786,0.6574074074074074,0.12962962962962962,0.21296296296296297
23,3,1197.8505796707939,1,1,96,12.237152986596467,3,0.40625,-0.2648169909517219,0.65625,0.125,0.21875
23,4,1474.4707349882772,1,1,97,12.409016333897641,3.0309278350515463,0.3917525773195876,-0.28847363891638766,0.6804123711340206,0.13402061855670103,0.18556701030927836
24,1,1000.0744084386621,1,0,238,12.212522647562304,3.0504201680672267,0.48739495798319327,-0.2769384997219143,0.33613445378151263,0.3403361344537815,0.3235294117647059
24,2,902.9078745928874,1,0,233,12.033641485154275,3.0815450643776825,0.5107296137339056,-0.1941488749488074,0.3261802575107296,0.33905579399141633,0.33476394849785407
24,3,1152.727081687227,1,1,219,12.040491560879017,3.0273972602739727,0.5114155251141552,-0.1377646751065122,0.3013698630136986,0.3515981735159817,0.3470319634703196
24,4,1469.7015774612873,1,1,219,11.995874211248859,3.050228310502283,0.5159817351598174,-0.09689130517541025,0.3105022831050228,0.3424657534246575,0.3470319634703196
25,1,944.2291335610036,1,0,259,11.368839378585538,2.891891891891892,0.4980694980694981,-0.20245980253220808,0.5714285714285714,0.2857142857142857,0.14285714285714285
25,2,1124.3004282738848,1,0,277,11.427425220003931,2.931407942238267,0.49097472924187724,-0.23767571763484838,0.5703971119133574,0.2779783393501805,0.15162454873646208
25,3,982.8055548584534,1,1,282,11.535180515463866,2.8652482269503547,0.48226950354609927,-0.25503646096202487,0.5709219858156028,0.2695035460992908,0.1595744680851064
25,4,999.6283813592153,1,1,272,11.473325333056641,2.775735294117647,0.4889705882352941,-0.24929487791115873,0.5698529411764706,0.26838235294117646,0.16176470588235295
26,1,682.3415959433986,1,0,273,12.817026171424025,2.95970695970696,0.4249084249084249,-0.9384470425821193,0.6446886446886447,0.15018315018315018,0.20512820512820512
26,2,600.5956850482828,1,0,249,12.629452307894432,2.959839357429719,0.43373493975903615,-0.8792617751831161,0.642570281124498,0.1566265060240964,0.20080321285140562
26,3,620.2152006571084,1,1,248,12.564284161788528,2.9919354838709675,0.45161290322580644,-0.8064348778620317,0.6370967741935484,0.1532258064516129,0.20967741935483872
26,4,682.2178993251954,1,1,258,12.407277983668601,3.0736434108527133,0.437984496124031,-0.7137465009146801,0.6434108527131783,0.1511627906976744,0.2054263565891473
27,1,819.0893895321478,0,0,425,11.439498696615649,3.1152941176470588,0.5552941176470588,0.14040120784389254,0.8258823529411765,0.0988235294117647,0.07529411764705882
27,2,1014.6092587304062,0,0,490,11.430420887002068,3.1408163265306124,0.5551020408163265,0.11728265081234364,0.8122448979591836,0.11020408163265306,0.07755102040816327
27,3,1166.2058651042496,0,1,487,11.411604927915471,3.1724845995893225,0.5400410677618069,0.13965388130060147,0.7946611909650924,0.12525667351129363,0.08008213552361396
27,4,1446.9579639210228,0,1,475,11.520634331117241,3.170526315789474,0.52,0.0550122078205341,0.7936842105263158,0.13052631578947368,0.07578947368421053
28,1,881.6821547352002,0,0,346,10.992021986461879,3.0578034682080926,0.63005780346820806,0.282127690457952,0.7312138728323699,0.23121387283236994,0.03757225433526012
28,2,1343.0379302086712,0,0,328,11.017099113329923,3,0.6432926829268293,0.27214537972935354,0.7286585365853658,0.23170731707317074,0.039634146341463415
28,3,1208.6071652368153,0,1,388,10.776174047917198,3.0618556701030926,0.6082474226804123,0.22114881069544523,0.7087628865979382,0.22938144329896906,0.061855670103092786
28,4,1481.3001624794965,0,1,374,10.87004695086906,3.0267379679144386,0.5909090909090909,0.16009399747669745,0.7058823529411765,0.232620320855615,0.06149732620320856
29,1,712.8920825222774,0,0,340,11.45788472896573,3.0441176470588234,0.5470588235294118,-0.11739531098555361,0.638235294117647,0.2529411764705882,0.10882352941176471
29,2,877.4568980365808,0,0,313,11.485863383824736,3.0958466453674123,0.5559105431309904,-0.09805613092552344,0.645367412140575,0.24600638977635783,0.10862619808306709
29,3,814.842912522096,0,1,341,11.65751962652771,3.032258064516129,0.5571847507331378,-0.06733182787714324,0.6803519061583577,0.22287390029325513,0.0967741935483871
29,4,946.7982661846422,0,1,342,11.553534088767039,3.0292397660818713,0.5584795321637427,-0.05996185690432691,0.6812865497076024,0.23684210526315788,0.08187134502923976
30,1,1105.2823441639505,1,0,821,11.115150272478433,2.961023142509135,0.5907429963459196,0.35559233326843953,0.7235079171741778,0.20706455542021923,0.06942752740560293
30,2,1329.2025880296105,1,0,810,11.16620186297942,2.9864197530864196,0.5814814814814815,0.2998104850907055,0.725925925925926,0.20493827160493827,0.0691358024691358
30,3,1315.975378909333,1,1,817,11.135843212516788,3.001223990208078,0.5777233782129743,0.23685551932247564,0.7135862913096696,0.21052631578947367,0.07588739290085679
30,4,1575.450622837974,1,1,806,11.198981892142012,3.0161290322580645,0.5818858560794045,0.24081350382047523,0.7146401985111662,0.20595533498759305,0.0794044665012407
31,1,741.9106218665754,0,0,276,11.357518354015388,3.260869565217391,0.572463768115942,0.16121958318189727,0.5615942028985508,0.2826086956521739,0.15579710144927536
31,2,1140.1343001243226,0,0,277,11.452504871355158,3.2851985559566788,0.5667870036101083,0.10518693087854208,0.5451263537906137,0.296028880866426,0.1588447653429603
31,3,1036.506124366189,0,1,283,11.52104289897005,3.176678445229682,0.5724381625441696,0.08411706349438525,0.5477031802120141,0.2968197879858657,0.15547703180212014
31,4,1353.8531280425707,0,1,273,11.534973737750288,3.1538461538461537,0.5714285714285714,0.060619391170071375,0.5531135531135531,0.30036630036630035,0.14652014652014653
32,1,802.4993629671787,0,0,3723,11.276702842364875,3.016384636046199,0.5611066344345957,0.10814875292602348,0.6766048885307547,0.16653236637120603,0.1568627450980392
32,2,1013.168443061873,0,0,3563,11.288088965889383,3.030872859949481,0.5630087005332585,0.0971280315944544,0.6749929834409206,0.16727476845355038,0.15773224810552905
32,3,1105.420402956916,0,1,3422,11.310549152577385,3.006721215663355,0.5587375803623612,0.06981196435074649,0.6759205143191116,0.16598480420806547,0.1580946814728229
32,4,1341.373731614839,0,1,3364,11.373130737817073,3.0023781212841856,0.5523186682520809,0.05045865145367708,0.6777645659928656,0.16617122473246135,0.15606420927467302
33,1,769.7298195496426,0,0,717,11.215763669962454,2.98465829846583,0.6262203626220363,0.34147302206139457,0.6192468619246861,0.24407252440725244,0.13668061366806136
33,2,1075.9826080252649,0,0,709,11.277391371087882,2.9576868829337095,0.614950634696756,0.33077558476011193,0.6220028208744711,0.24118476727785615,0.1368124118476728
33,3,1077.7920527702277,0,1,766,11.319567809961383,2.964751958224543,0.6031331592689295,0.21175866526971965,0.6253263707571801,0.2454308093994778,0.12924281984334204
33,4,1351.6203459313087,0,1,740,11.316775022680828,2.95,0.595945945945946,0.18937417862245268,0.6310810810810811,0.2418918918918919,0.12702702702702703
34,1,656.0272085320723,0,0,428,11.429946305650327,2.9742990654205608,0.5420560747663551,0.16623292372661602,0.411214953271028,0.4672897196261682,0.12149532710280374
34,2,926.2022818923176,0,0,414,11.596102696326481,2.997584541062802,0.5434782608695652,0.153111550559695,0.4106280193236715,0.463768115942029,0.12560386473429952
34,3,1143.3102669087305,0,1,403,11.563894987170038,3.0248138957816377,0.5285359801488834,0.14763591244937596,0.40198511166253104,0.4665012406947891,0.1315136476426799
34,4,1165.006312065539,0,1,442,11.580962621193573,2.9389140271493215,0.5226244343891403,0.12080562655152104,0.4095022624434389,0.4660633484162896,0.1244343891402715
35,1,660.6176024322621,0,0,983,11.975013377991452,3.08646998982706,0.4598168870803662,-0.3942702274656909,0.392675483214649,0.3550356052899288,0.25228891149542215
35,2,748.1467387632016,0,0,1149,11.948417366520609,3.0252393385552656,0.4699738903394256,-0.37903281420008045,0.402088772845953,0.34812880765883375,0.24978241949521324
35,3,843.498106405693,0,1,1128,11.955412280030588,3.029255319148936,0.47074468085106386,-0.36787957370319424,0.4051418439716312,0.3546099290780142,0.2402482269503546
35,4,917.674134460382,0,1,1192,11.951540986863193,2.9874161073825505,0.47818791946308725,-0.29631288854613513,0.4211409395973154,0.34395973154362414,0.2348993288590604
36,1,984.0643300653018,1,0,465,11.216767825400881,3.182795698924731,0.556989247311828,0.15339611634979036,0.6451612903225806,0.2623655913978495,0.09247311827956989
36,2,1200.6538651310645,1,0,480,11.301012866235475,3.1354166666666665,0.54375,0.09491209239752699,0.6520833333333333,0.25,0.09791666666666667
36,3,1171.6156575360642,1,1,566,11.423586353374299,3.081272084805654,0.5282685512367491,0.01674532896519401,0.6713780918727915,0.2420494699646643,0.08657243816254417
36,4,1344.9489087269044,1,1,542,11.312236435509277,3.0756457564575648,0.5313653136531366,0.024134592366339306,0.6734317343173432,0.23985239852398524,0.08671586715867159
37,1,808.0278495082752,0,0,1461,10.967474092276097,2.9295003422313486,0.6009582477754962,0.2902508476294997,0.7624914442162902,0.14099931553730322,0.09650924024640657
37,2,1065.8223473829728,0,0,1418,10.938920355009616,2.9379407616361073,0.6086036671368125,0.28961742717391886,0.764456981664316,0.14033850493653033,0.09520451339915374
37,3,1262.5527753830934,0,1,1351,10.863112301881838,2.923760177646188,0.6113989637305699,0.2998584188851215,0.7616580310880829,0.14359733530717986,0.09474463360473723
37,4,1339.5100506244137,0,1,1395,10.916042528968172,2.9412186379928316,0.6121863799283154,0.23655628371412782,0.7598566308243727,0.15125448028673835,0.08888888888888889
38,1,875.1686547268707,0,0,255,10.964834053554,3.2941176470588234,0.5803921568627451,0.27751357202524013,0.5686274509803921,0.28627450980392155,0.1450980392156863
38,2,1316.7625875539081,0,0,247,11.019978678470466,3.2267206477732793,0.5789473684210527,0.2501715945164874,0.5465587044534413,0.3076923076923077,0.145748987854251
38,3,1491.6570489309515,0,1,241,11.159468869171537,3.091286307053942,0.5684647302904564,0.20720995909289533,0.5601659751037344,0.2821576763485477,0.15767634854771784
38,4,1628.0291354766712,0,1,279,10.934345864408252,3.129032258064516,0.5734767025089605,0.2115312333498596,0.5555555555555556,0.2903225806451613,0.15412186379928317
39,1,1058.0431714881538,0,0,616,11.477737263470342,3.021103896103896,0.5146103896103896,0.0216792887625463,0.9042207792207793,0.06493506493506493,0.030844155844155844
39,2,1065.6307144104424,0,0,596,11.440976081314941,3.057046979865772,0.5251677852348994,0.05017327438004653,0.9077181208053692,0.0587248322147651,0.03355704697986577
39,3,1252.6903717522707,0,1,596,11.36700384911765,3.0805369127516777,0.5218120805369127,0.017582248218372752,0.9010067114093959,0.06040268456375839,0.03859060402684564
39,4,1365.085057436539,0,1,624,11.354268488308994,3.0384615384615383,0.5048076923076923,0.007235569789934014,0.9006410256410257,0.060897435897435896,0.038461538461538464
40,1,986.1959024467105,0,0,537,11.40291752629597,2.9273743016759775,0.5195530726256983,0.03285538492822904,0.547486033519553,0.35940409683426444,0.0931098696461825
40,2,998.1282452430289,0,0,514,11.215190976305058,2.972762645914397,0.5350194552529183,0.05202930728523537,0.5350194552529183,0.36964980544747084,0.09533073929961089
40,3,1052.8350317586362,0,1,586,11.418310275603478,2.991467576791809,0.5119453924914675,-0.07652785747680067,0.5614334470989761,0.34300341296928327,0.09556313993174062
40,4,1123.5421874434146,0,1,583,11.294396962406578,2.9965694682675816,0.5111492281303602,-0.07280966909027439,0.5643224699828473,0.346483704974271,0.08919382504288165
41,1,1039.1092036430264,1,0,1540,11.272013236316516,3.0493506493506493,0.5603896103896104,0.10523414442121531,0.6746753246753247,0.2844155844155844,0.04090909090909091
41,2,1255.5752116900492,1,0,1618,11.25133602971485,3.0142150803461063,0.5630407911001236,0.0859806484722655,0.669344870210136,0.2873918417799753,0.04326328800988875
41,3,1431.1808839414148,1,1,1543,11.317562657536973,3.053143227478937,0.5567077122488658,0.03989461928935077,0.6681788723266364,0.28969539857420606,0.04212572909915749
41,4,1660.474909052375,1,1,1464,11.30224549248102,3.069672131147541,0.549863387978142,0.01923596929605331,0.6639344262295082,0.2937158469945355,0.04234972677595628
42,1,1020.7872865360248,1,0,385,11.274502497420597,3.018181818181818,0.6077922077922078,0.295361402062611,0.9454545454545454,0.033766233766233764,0.02077922077922078
42,2,1251.0828154793949,1,0,374,11.31234995442475,2.9919786096256686,0.5909090909090909,0.26755708139902856,0.9438502673796791,0.034759358288770054,0.0213903743315508
42,3,1251.8853541622161,1,1,360,11.14444737147306,3.0166666666666666,0.5916666666666667,0.25591059349905704,0.9527777777777777,0.027777777777777776,0.019444444444444445
42,4,1860.3929169008309,1,1,346,11.118461246067037,2.9508670520231215,0.5780346820809249,0.2567743879879719,0.9479768786127167,0.031791907514450865,0.02023121387283237
43,1,785.395382114207,0,0,1252,11.978263124047107,2.8833865814696487,0.4728434504792332,-0.3055368000890431,0.8977635782747604,0.06869009584664537,0.03354632587859425
43,2,902.108935714617,0,0,1202,11.925550256125621,2.866056572379368,0.47254575707154745,-0.2825982032920745,0.891846921797005,0.07071547420965059,0.03743760399334443
43,3,996.4411734257546,0,1,1158,11.910001942385062,2.917098445595855,0.48013816925734026,-0.2707545494525455,0.8877374784110535,0.07426597582037997,0.037996545768566495
43,4,1171.9519960533976,0,1,1144,11.84850460280228,2.925699300699301,0.4938811188811189,-0.23014778055305965,0.8863636363636364,0.0743006993006993,0.039335664335664336
44,1,826.7204304634586,0,0,311,11.97736325937815,2.9260450160771705,0.4662379421221865,-0.22153274110871718,0.7266881028938906,0.15755627009646303,0.1157556270096463
44,2,984.6360697944191,0,0,308,12.003884110621378,2.925324675324675,0.4805194805194805,-0.21474462455337456,0.7337662337662337,0.14285714285714285,0.12337662337662338
44,3,918.0779141486815,0,1,283,11.888910910794099,2.88339222614841,0.46996466431095407,-0.21320420625885309,0.734982332155477,0.14487632508833923,0.12014134275618374
44,4,1025.5845370553395,0,1,280,12.188146221281851,2.882142857142857,0.4642857142857143,-0.2475271905300628,0.7428571428571429,0.15,0.10714285714285714
45,1,814.4229473333796,0,0,548,11.630834299928251,2.9653284671532845,0.5675182481751825,0.06706461048617421,0.8521897810218978,0.09306569343065693,0.05474452554744526
45,2,1227.192360118413,0,0,580,11.544883331393505,2.986206896551724,0.5724137931034483,0.09330446523967653,0.8482758620689655,0.09482758620689655,0.056896551724137934
45,3,1205.1141737887704,0,1,575,11.547737426026133,2.991304347826087,0.5617391304347826,0.06826909720097027,0.8521739130434782,0.09043478260869565,0.057391304347826085
45,4,1562.7421598291905,0,1,577,11.644601685453344,2.9913344887348354,0.5545927209705372,0.07358819143392865,0.854419410745234,0.08665511265164645,0.058925476603119586
46,1,892.868890661954,1,0,111,11.736069772734815,2.81981981981982,0.5945945945945946,-0.07493015397999656,0.8558558558558559,0.06306306306306306,0.08108108108108109
46,2,921.4723170929586,1,0,108,11.583897991833142,2.8055555555555554,0.5925925925925926,-0.04072448266175433,0.8518518518518519,0.05555555555555555,0.09259259259259259
46,3,1087.3938548441738,1,1,113,11.533661873886599,2.911504424778761,0.6017699115044248,-0.010380828304422184,0.8672566371681416,0.061946902654867256,0.07079646017699115
46,4,1347.9149360905933,1,1,115,11.038529487374271,2.747826086956522,0.5652173913043478,-0.03758937671450277,0.8608695652173913,0.06086956521739131,0.0782608695652174
47,1,626.6007763521661,0,0,385,11.967728068673173,3.085714285714286,0.4805194805194805,-0.4793301570460781,0.625974025974026,0.2727272727272727,0.1012987012987013
47,2,819.7674896078092,0,0,426,12.002218398203864,3.096244131455399,0.4765258215962441,-0.44167545098225414,0.6103286384976526,0.284037558685446,0.1056338028169014
47,3,729.0654503451357,0,1,402,11.807123301877706,3.0522388059701493,0.48756218905472637,-0.41365687188996286,0.6119402985074627,0.27860696517412936,0.10945273631840796
47,4,841.4460794391815,0,1,396,11.80684813097146,3.0656565656565657,0.49242424242424243,-0.4048783405411014,0.6237373737373737,0.27525252525252525,0.10101010101010101
48,1,607.1495709638474,0,0,121,12.113632590246144,2.884297520661157,0.4132231404958678,-0.40972797151336743,0.6528925619834711,0.23140495867768596,0.11570247933884298
48,2,592.3547095416113,0,0,166,12.193549290346777,3,0.4036144578313253,-0.444639966748265,0.6746987951807228,0.21686746987951808,0.10843373493975904
48,3,728.7201549023271,0,1,167,12.0863753271515,2.9221556886227544,0.39520958083832336,-0.398879426272353,0.6526946107784432,0.23353293413173654,0.11377245508982035
48,4,834.4413244515721,0,1,168,12.403480017674736,2.892857142857143,0.4107142857142857,-0.3707136884495567,0.625,0.26785714285714285,0.10714285714285714
49,1,649.0966981081626,0,0,678,11.939629484928293,3.0029498525073746,0.4616519174041298,-0.29106513213482743,0.8392330383480826,0.12389380530973451,0.03687315634218289
49,2,742.358410829022,0,0,682,11.90361113725155,3.002932551319648,0.46774193548387094,-0.24766969081685233,0.844574780058651,0.11730205278592376,0.03812316715542522
49,3,1085.3972514853867,0,1,696,11.846413048996872,3.0244252873563218,0.47988505747126436,-0.19745741303778788,0.8462643678160919,0.10919540229885058,0.04454022988505747
49,4,1032.408852293622,0,1,721,11.719115750200938,3.030513176144244,0.47572815533980584,-0.1879844978816374,0.8432732316227461,0.11511789181692095,0.04160887656033287
50,1,594.6506211901007,1,0,563,12.120755962164498,2.9822380106571935,0.433392539964476,-0.4733735198359985,0.5417406749555951,0.2912966252220249,0.1669626998223801
50,2,881.8198185095666,1,0,596,11.986730762930963,3.035234899328859,0.4597315436241611,-0.3945365342131151,0.5469798657718121,0.27684563758389263,0.1761744966442953
50,3,943.1384357490169,1,1,651,12.14960512702366,3.0937019969278032,0.4577572964669739,-0.473082644472621,0.5284178187403994,0.2857142857142857,0.1858678955453149
50,4,989.2598188728415,1,1,635,12.166517333892662,3.0771653543307087,0.44724409448818897,-0.5525952651259946,0.537007874015748,0.28976377952755905,0.1732283464566929
51,1,880.2197404915117,0,0,370,10.853414445779327,3.0594594594594593,0.6162162162162163,0.4057771310369981,0.5891891891891892,0.28378378378378377,0.12702702702702703
51,2,1315.1253569743742,0,0,359,10.91605913723737,3.097493036211699,0.6155988857938719,0.36348857259841266,0.584958217270195,0.2924791086350975,0.12256267409470752
51,3,1349.715241225009,0,1,343,10.946357907980548,3.0495626822157433,0.5947521865889213,0.31559368767914003,0.5860058309037901,0.29737609329446063,0.11661807580174927
51,4,1675.521174701762,0,1,359,10.816332066936873,3.0696378830083564,0.5710306406685237,0.29417234674478177,0.6044568245125348,0.28690807799442897,0.10863509749303621
52,1,820.6611127735757,0,0,278,11.264982964775951,2.960431654676259,0.579136690647482,0.12876645347190832,0.6510791366906474,0.17266187050359713,0.17625899280575538
52,2,912.5079977399874,0,0,294,11.237683362761903,2.9693877551020407,0.5884353741496599,0.10364262336105019,0.6530612244897959,0.17346938775510204,0.17346938775510204
52,3,1084.9537412697007,0,1,294,11.320724011595727,2.9693877551020407,0.5748299319727891,0.09511760620399179,0.6530612244897959,0.17346938775510204,0.17346938775510204
52,4,1217.1294101078909,0,1,270,11.131439184700676,2.9444444444444446,0.5851851851851851,0.10067239912934492,0.6518518518518519,0.1814814814814815,0.16666666666666666
53,1,1143.3865972285707,1,0,286,11.04962667083854,2.9335664335664338,0.6258741258741258,0.2695270231464484,0.9125874125874126,0.045454545454545456,0.04195804195804196
53,2,1385.2947377526473,1,0,338,11.286269143276552,2.985207100591716,0.6153846153846154,0.16877108812115552,0.908284023668639,0.047337278106508875,0.04437869822485207
53,3,1504.6036094708568,1,1,335,11.341500465537672,3.032835820895522,0.6,0.12212773252495326,0.9134328358208955,0.05373134328358209,0.03283582089552239
53,4,1427.251351032253,1,1,305,11.466070386681668,3.0098360655737704,0.580327868852459,0.06717172150705385,0.9081967213114754,0.05901639344262295,0.03278688524590164
54,1,790.8652321601737,1,0,456,12.121786697752114,2.9583333333333335,0.506578947368421,-0.16740324638155202,0.7192982456140351,0.17543859649122806,0.10526315789473684
54,2,983.0899869299049,1,0,445,12.004337911854746,2.995505617977528,0.5213483146067416,-0.14447984831024896,0.7123595505617978,0.1797752808988764,0.10786516853932585
54,3,1218.8632311601739,1,1,475,11.860009043233976,2.951578947368421,0.5284210526315789,-0.06389832096702476,0.7157894736842105,0.1705263157894737,0.11368421052631579
54,4,1423.9543847067343,1,1,472,11.871809643871474,2.972457627118644,0.5360169491525424,-0.049932825699692776,0.7139830508474576,0.1673728813559322,0.11864406779661017
55,1,721.0855033374116,0,0,78,11.166461040991098,3.0256410256410255,0.47435897435897434,-0.19890180420730275,0.7692307692307693,0.15384615384615385,0.07692307692307693
55,2,903.4403094290161,0,0,76,11.356729201343418,2.960526315789474,0.4605263157894737,-0.11440231734589287,0.7894736842105263,0.14473684210526316,0.06578947368421052
55,3,667.5778580663482,0,1,102,12.190177215536023,3.1176470588235294,0.4215686274509804,-0.5516195672383108,0.8235294117647058,0.11764705882352941,0.058823529411764705
55,4,601.8757783563173,0,1,100,12.320536764865384,3.14,0.41,-0.5222032433304846,0.83,0.1,0.07
56,1,1021.7250046583446,1,0,921,11.627967058658292,3.022801302931596,0.5190010857763301,-0.12663300585589515,0.6406080347448425,0.21715526601520088,0.14223669923995658
56,2,1021.2695636777659,1,0,865,11.637383332592336,3.046242774566474,0.5132947976878612,-0.125077392070095,0.6462427745664739,0.21271676300578035,0.14104046242774568
56,3,1081.410480138034,1,1,832,11.571443608385108,3.0564903846153846,0.5096153846153846,-0.14643503695644028,0.6514423076923077,0.20793269230769232,0.140625
56,4,1374.1973443948225,1,1,837,11.626650734225827,2.97610513739546,0.4982078853046595,-0.1878001258816683,0.6559139784946236,0.20430107526881722,0.13978494623655913
57,1,950.9745578180757,1,0,560,11.0761609122606,3.025,0.6160714285714286,0.31432472147731766,0.5285714285714286,0.33035714285714285,0.14107142857142857
57,2,1090.002402684551,1,0,548,11.142084169754089,3.041970802919708,0.6076642335766423,0.2818623739826777,0.5164233576642335,0.3357664233576642,0.1478102189781022
57,3,1162.569633812525,1,1,565,11.299921586953314,3.061946902654867,0.5946902654867257,0.18385376614303417,0.5185840707964602,0.3292035398230089,0.15221238938053097
57,4,1597.6952720841796,1,1,575,11.428560313471401,3.0191304347826087,0.5860869565217391,0.11590541046293315,0.5269565217391304,0.3339130434782609,0.1391304347826087
58,1,543.1521326521886,0,0,308,12.723948126988041,2.938311688311688,0.4025974025974026,-0.9538054869533583,0.7857142857142857,0.18181818181818182,0.032467532467532464
58,2,603.1283762032525,0,0,290,12.77005341157304,3.027586206896552,0.3896551724137931,-0.9245164409386025,0.7862068965517242,0.18620689655172415,0.027586206896551724
58,3,631.2195576527167,0,1,291,12.66291216845948,3.013745704467354,0.3951890034364261,-0.8366234534377616,0.8041237113402062,0.16838487972508592,0.027491408934707903
58,4,639.9150013083027,0,1,327,12.393457331815437,2.9908256880733943,0.42813455657492355,-0.637589741607103,0.8134556574923547,0.1620795107033639,0.024464831804281346
59,1,922.0642509926812,1,0,756,11.173966597704785,2.947089947089947,0.5873015873015873,0.2118291506161009,0.8425925925925926,0.14417989417989419,0.013227513227513227
59,2,1215.4885100565532,1,0,738,11.113352582355507,2.967479674796748,0.5907859078590786,0.23587940227056647,0.8360433604336044,0.15311653116531165,0.01084010840108401
59,3,1293.483351033543,1,1,710,11.152107565657266,2.980281690140845,0.5887323943661972,0.22055028319132636,0.8408450704225352,0.14929577464788732,0.009859154929577466
59,4,1441.6389870946969,1,1,716,11.296575005406286,2.9497206703910615,0.5726256983240223,0.1808763532195001,0.8533519553072626,0.14106145251396648,0.00558659217877095
60,1,823.6006749417952,0,0,631,11.960674565272186,3.0697305863708397,0.5372424722662441,-0.06322874909649574,0.705229793977813,0.17432646592709986,0.12044374009508717
60,2,952.1843625178092,0,0,626,12.02810808516917,3.0638977635782747,0.536741214057508,-0.07060176257307976,0.707667731629393,0.17092651757188498,0.12140575079872204
60,3,1080.2360302266845,0,1,624,11.899202317839666,3.02724358974359,0.5416666666666666,-0.11541401599130288,0.7083333333333334,0.17307692307692307,0.11858974358974358
60,4,1206.6480366964827,0,1,624,12.07325268855222,3.014423076923077,0.5352564102564102,-0.122873406003729,0.7051282051282052,0.1794871794871795,0.11538461538461539
61,1,602.2225513745695,1,0,276,12.453244319294994,2.8550724637681157,0.4057971014492754,-0.5607196414989943,0.7210144927536232,0.17028985507246377,0.10869565217391304
61,2,824.9786782267297,1,0,273,12.618408754182056,2.857142857142857,0.4065934065934066,-0.6040040618052127,0.7216117216117216,0.17216117216117216,0.10622710622710622
61,3,771.9051835536953,1,1,288,12.357605171618479,2.829861111111111,0.4027777777777778,-0.5460981560036229,0.7118055555555556,0.18055555555555555,0.1076388888888889
61,4,966.4387861335988,1,1,292,12.37173065760762,2.8013698630136985,0.4143835616438356,-0.5562057997761682,0.702054794520548,0.18493150684931506,0.11301369863013698
62,1,874.0507868044238,1,0,717,10.895848391057752,2.9776847977684797,0.6080892608089261,0.482546004723177,0.9149232914923291,0.058577405857740586,0.026499302649930265
62,2,1162.1716356950835,1,0,726,10.946469380247382,2.9738292011019283,0.6074380165289256,0.431272016499169,0.9159779614325069,0.05922865013774105,0.024793388429752067
62,3,1515.2117675094182,1,1,705,10.853837940244738,2.953191489361702,0.6056737588652482,0.419673301183206,0.9205673758865248,0.05531914893617021,0.024113475177304965
62,4,1563.3368423313902,1,1,688,11.027835286714375,2.953488372093023,0.6090116279069767,0.3817863543405281,0.9229651162790697,0.056686046511627904,0.020348837209302327
63,1,703.292786112985,0,0,735,11.568919260586489,3.074829931972789,0.5510204081632653,0.03233694414022596,0.5959183673469388,0.24217687074829933,0.1619047619047619
63,2,963.1090557357674,0,0,710,11.597148681247765,3.045070422535211,0.5633802816901409,0.036229806602588954,0.5957746478873239,0.2352112676056338,0.16901408450704225
63,3,1057.7418368340373,0,1,732,11.552647574538346,3.023224043715847,0.546448087431694,-0.0241752348746232,0.5983606557377049,0.24180327868852458,0.1598360655737705
63,4,1230.577600353672,0,1,739,11.484841711600184,2.9986468200270635,0.5277401894451962,-0.021421586630501043,0.5953991880920162,0.2422192151556157,0.16238159675236807
64,1,787.7204523492675,0,0,187,12.272701139688499,3.037433155080214,0.5080213903743316,-0.16995409323353564,0.8609625668449198,0.10160427807486631,0.0374331550802139
64,2,1012.5742740055927,0,0,196,12.170940845858908,3.045918367346939,0.49489795918367346,-0.1559137025815316,0.8520408163265306,0.11224489795918367,0.03571428571428571
64,3,1008.922415026419,0,1,208,12.119607133647644,3.048076923076923,0.5048076923076923,-0.07725636708158475,0.8557692307692307,0.11057692307692307,0.03365384615384615
64,4,923.9681640460101,0,1,263,11.689021808091448,2.931558935361217,0.5209125475285171,-0.020823321728729055,0.8631178707224335,0.10646387832699619,0.030418250950570342
65,1,801.4337188808712,0,0,892,11.253487783926284,3.0190582959641254,0.5739910313901345,0.2505039294975243,0.5762331838565022,0.33856502242152464,0.08520179372197309
65,2,1123.4164573525181,0,0,925,11.213537304234311,3.017297297297297,0.5654054054054054,0.2158650934233389,0.5794594594594594,0.33837837837837836,0.08216216216216216
65,3,1402.1242392725896,0,1,887,11.316322959268264,3.023675310033822,0.552423900789177,0.17854682367495453,0.5659526493799324,0.3483652762119504,0.08568207440811725
65,4,1396.7732352441694,0,1,928,11.485225123267579,3.052801724137931,0.5387931034482759,0.10387622142970111,0.552801724137931,0.35560344827586204,0.09159482758620689
66,1,1018.6860429633731,1,0,415,11.925671932477862,2.9614457831325303,0.5518072289156627,0.15067327954463272,0.6674698795180722,0.236144578313253,0.0963855421686747
66,2,1318.5337017868421,1,0,395,11.819298573141838,2.9518987341772154,0.5468354430379747,0.1664325349913517,0.6683544303797468,0.23291139240506328,0.09873417721518987
66,3,1383.9015034896004,1,1,386,11.882322579291635,2.9922279792746114,0.5414507772020726,0.13792726397436444,0.6787564766839378,0.22797927461139897,0.09326424870466321
66,4,1447.1644649049333,1,1,408,11.936580915029458,3.0294117647058822,0.5147058823529411,0.06026980760452458,0.6764705882352942,0.22303921568627452,0.10049019607843138
67,1,872.0324592815934,0,0,320,11.956508932018766,2.9125,0.54375,-0.10210904630567748,0.65625,0.171875,0.171875
67,2,941.8687926227155,0,0,322,11.986571306452005,2.919254658385093,0.5372670807453416,-0.11904035585639776,0.6645962732919255,0.16459627329192547,0.17080745341614906
67,3,1170.947915729517,0,1,343,12.042112042626323,2.935860058309038,0.5393586005830904,-0.06020298699935292,0.6559766763848397,0.15743440233236153,0.18658892128279883
67,4,1070.4793085589524,0,1,353,11.940391364444041,2.9320113314447593,0.509915014164306,-0.1343014385777891,0.6657223796033994,0.14730878186968838,0.18696883852691218
68,1,763.6319723219476,0,0,243,10.603060789248262,2.97119341563786,0.5967078189300411,0.34983444379132106,0.5349794238683128,0.2716049382716049,0.1934156378600823
68,2,917.134163609743,0,0,239,10.786920970676146,2.9790794979079496,0.6234309623430963,0.3595753074471985,0.5271966527196653,0.26359832635983266,0.20920502092050208
68,3,1082.9283334640777,0,1,236,10.821058460956246,2.9788135593220337,0.6186440677966102,0.32309989009120926,0.5254237288135594,0.2754237288135593,0.19915254237288135
68,4,1623.3340389944976,0,1,248,10.81610589874542,2.9475806451612905,0.6451612903225806,0.3265502148317847,0.532258064516129,0.2903225806451613,0.1774193548387097
69,1,646.175971400985,0,0,332,12.23284631198406,3.039156626506024,0.4307228915662651,-0.32439100486120326,0.7168674698795181,0.18373493975903615,0.09939759036144578
69,2,865.7419617166313,0,0,319,12.210190628151835,3.031347962382445,0.4200626959247649,-0.31215430335424565,0.7304075235109718,0.1786833855799373,0.09090909090909091
69,3,834.5926988164815,0,1,309,12.366372240112817,3.0323624595469254,0.42394822006472493,-0.3190876743552346,0.7249190938511327,0.18446601941747573,0.09061488673139159
69,4,1180.9835311250831,0,1,307,12.21748379896719,3.003257328990228,0.42996742671009774,-0.2983690599530538,0.739413680781759,0.1758957654723127,0.08469055374592833
70,1,741.5459146713578,0,0,313,11.152072370893851,2.9808306709265175,0.5782747603833865,0.21766910512757887,0.6837060702875399,0.20447284345047922,0.11182108626198083
70,2,1159.127568631667,0,0,312,11.233619804987763,3.003205128205128,0.5769230769230769,0.1763628933409028,0.6730769230769231,0.21153846153846154,0.11538461538461539
70,3,1371.4583183558263,0,1,297,11.116848711926501,3,0.5757575757575758,0.14606165714434982,0.67003367003367,0.20875420875420875,0.12121212121212122
70,4,1324.2822381654455,0,1,297,11.191188794398585,2.9057239057239057,0.6026936026936027,0.1740908802213449,0.6565656565656566,0.22895622895622897,0.11447811447811448
71,1,900.3575113211806,0,0,260,10.903686301055176,3.042307692307692,0.6346153846153846,0.5582836619771193,0.75,0.2,0.05
71,2,1182.1916016396433,0,0,263,11.021419984136704,2.950570342205323,0.623574144486692,0.550628351162378,0.752851711026616,0.19391634980988592,0.053231939163498096
71,3,1554.5829749424734,0,1,246,10.92989983737185,2.9430894308943087,0.6178861788617886,0.5032045337727963,0.7439024390243902,0.2032520325203252,0.052845528455284556
71,4,2069.5375024980567,0,1,256,10.996744060222955,2.92578125,0.58984375,0.36503525322250724,0.73828125,0.20703125,0.0546875
72,1,1255.2448708417967,1,0,361,11.315119216438639,3.0526315789473686,0.5706371191135734,0.10925540424552029,0.6814404432132964,0.2299168975069252,0.0886426592797784
72,2,1308.1991750266016,1,0,356,11.394963568641906,3.039325842696629,0.5814606741573034,0.13089736320466347,0.6769662921348315,0.2303370786516854,0.09269662921348315
72,3,1305.5019415852016,1,1,363,11.702227647375596,3.0578512396694215,0.5730027548209367,0.08567416187387367,0.6831955922865014,0.2369146005509642,0.07988980716253444
72,4,1418.9144302592176,1,1,376,11.692617053241642,3.127659574468085,0.5638297872340425,0.012073185653148157,0.6968085106382979,0.22340425531914893,0.0797872340425532
73,1,1111.9973329498612,0,0,238,10.984709263556518,3.0504201680672267,0.5672268907563025,0.30376561015300524,0.7100840336134454,0.226890756302521,0.06302521008403361
73,2,1032.9918401169266,0,0,229,11.120244059746327,3.0655021834061134,0.5807860262008734,0.2927764841965685,0.7074235807860262,0.2314410480349345,0.0611353711790393
73,3,1393.5880778300364,0,1,208,11.330265449030636,3.0528846153846154,0.5721153846153846,0.30360287297594035,0.7211538461538461,0.21634615384615385,0.0625
73,4,1784.986630421966,0,1,201,11.368029214822702,3.0796019900497513,0.5621890547263682,0.28218174867217366,0.7263681592039801,0.21393034825870647,0.05970149253731343
74,1,491.9081766156006,0,0,62,12.745993181001156,2.870967741935484,0.46774193548387094,-0.36067616824850407,0.7903225806451613,0.14516129032258066,0.06451612903225806
74,2,623.7148090892532,0,0,67,12.623417161879877,2.8208955223880596,0.43283582089552236,-0.3818152966130395,0.7910447761194029,0.14925373134328357,0.05970149253731343
74,3,666.0847262348112,0,1,62,12.726750051528432,2.967741935483871,0.46774193548387094,-0.3953262379836447,0.7741935483870968,0.16129032258064516,0.06451612903225806
74,4,716.4783122190984,0,1,74,12.422946101435995,2.945945945945946,0.47297297297297297,-0.22492437477040253,0.7702702702702703,0.16216216216216217,0.06756756756756757
75,1,688.7995304526087,0,0,91,11.311349335902776,2.9450549450549453,0.5604395604395604,-0.03151637118121369,0.6483516483516484,0.18681318681318682,0.16483516483516483
75,2,888.4319158617244,0,0,87,11.318896352794363,2.8160919540229883,0.5862068965517241,-0.03360805310966966,0.6551724137931034,0.19540229885057472,0.14942528735632185
75,3,935.1297091712592,0,1,83,10.858044018882081,2.783132530120482,0.6024096385542169,0.010472696178551733,0.6746987951807228,0.18072289156626506,0.14457831325301204
75,4,999.3367102555774,0,1,121,11.494464337058764,2.9917355371900825,0.5867768595041323,-0.15894451225262865,0.6528925619834711,0.21487603305785125,0.1322314049586777
76,1,868.1082455157216,0,0,260,11.294493545298987,3.1423076923076922,0.573076923076923,0.0824893390306789,0.6884615384615385,0.15,0.16153846153846155
76,2,888.3596868043546,0,0,272,11.286819490663655,3.099264705882353,0.5441176470588235,0.08868130779891224,0.6838235294117647,0.16176470588235295,0.15441176470588236
76,3,1078.144575798798,0,1,258,11.293187625807144,3.10077519379845,0.5465116279069767,0.09637794927206189,0.6744186046511628,0.1744186046511628,0.1511627906976744
76,4,1120.5812165793614,0,1,265,11.552737987448975,3.090566037735849,0.5584905660377358,0.05864960491259141,0.6679245283018868,0.17358490566037735,0.15849056603773584
77,1,982.8682185178935,1,0,549,11.043113787262113,3.1948998178506374,0.5245901639344263,0.15456479356520447,0.692167577413479,0.18579234972677597,0.122040072859745
77,2,926.0000979351563,1,0,545,11.012292774212638,3.1889908256880735,0.5247706422018349,0.13818681968521182,0.6825688073394496,0.1963302752293578,0.12110091743119267
77,3,1300.1197386208407,1,1,536,11.071818417537717,3.1511194029850746,0.5447761194029851,0.14507370687661028,0.6791044776119403,0.19776119402985073,0.12313432835820895
77,4,1431.5109782993968,1,1,552,11.40190294976121,3.141304347826087,0.5144927536231884,-0.08137275287439513,0.6884057971014492,0.19202898550724637,0.11956521739130435
78,1,961.927544418829,0,0,678,11.237501223026758,2.9837758112094397,0.5117994100294986,0.0687019082874935,0.6578171091445427,0.2669616519174041,0.0752212389380531
78,2,936.9455530438769,0,0,652,11.181296985822916,2.9984662576687118,0.5015337423312883,0.04939837253950011,0.661042944785276,0.2668711656441718,0.07208588957055215
78,3,1150.8416897902775,0,1,650,11.115066756543563,3.006153846153846,0.4969230769230769,0.016112243904721074,0.6584615384615384,0.26461538461538464,0.07692307692307693
78,4,1212.9838861177664,0,1,705,11.12273355297727,3.0326241134751775,0.500709219858156,0.009311624244292539,0.6425531914893617,0.2765957446808511,0.08085106382978724
79,1,842.2327411859704,0,0,1541,11.588553248356973,2.9402985074626864,0.5146009085009734,-0.0705249313183621,0.7430240103828682,0.15704088254380272,0.099935107073329
79,2,1002.6443654919461,0,0,1511,11.60250414530211,2.961614824619457,0.5221707478491066,-0.06002871920174344,0.7452018530774321,0.15684976836532097,0.09794837855724686
79,3,1149.8361401925342,0,1,1467,11.541492682010384,2.922290388548057,0.5323790047716428,-0.04583469872343684,0.7409679618268575,0.1608725289706885,0.09815950920245399
79,4,1217.9564521232687,0,1,1484,11.56290485368839,2.933288409703504,0.5202156334231806,-0.056715591888752255,0.738544474393531,0.1664420485175202,0.09501347708894879
80,1,686.2343047501147,0,0,354,11.023077138800604,3.1638418079096047,0.5706214689265536,0.05430898896548218,0.8728813559322034,0.10451977401129943,0.022598870056497175
80,2,919.814029161174,0,0,359,11.19289573698313,3.2284122562674096,0.5793871866295265,0.03560786397422346,0.8774373259052924,0.10306406685236769,0.019498607242339833
80,3,982.5218570026423,0,1,527,11.108814982741956,3.2125237191650853,0.5882352941176471,0.18718559611765298,0.8690702087286527,0.11005692599620494,0.020872865275142316
80,4,1135.8028057376182,0,1,528,11.190219052362123,3.210227272727273,0.5700757575757576,0.11315369160973264,0.8636363636363636,0.11363636363636363,0.022727272727272728
81,1,986.8452479525051,1,0,3722,11.33592805047976,3.037345513164965,0.5668995163890381,0.1890709584321339,0.7587318645889307,0.1475013433637829,0.0937667920472864
81,2,1300.4358714682508,1,0,3506,11.322034609386932,3.0296634341129494,0.5667427267541357,0.17920341229863826,0.7564175698802054,0.1500285225328009,0.09355390758699372
81,3,1475.7551061625916,1,1,3433,11.365559004269691,3.0314593649868917,0.5621905039324206,0.17827767458140456,0.7550247596854064,0.15205359743664434,0.09292164287794931
81,4,1630.5813514125937,1,1,3172,11.363551803911669,3.0242749054224465,0.567780580075662,0.18222317074032457,0.7566204287515763,0.15290037831021439,0.09047919293820933
82,1,717.5478010252283,0,0,400,11.751487535540788,2.8525,0.57,0.20419215607956942,0.685,0.2125,0.1025
82,2,989.5155422973415,0,0,387,11.791694488833468,2.875968992248062,0.5658914728682171,0.17652302335905862,0.6847545219638242,0.2144702842377261,0.10077519379844961
82,3,1278.8546270448498,0,1,358,11.906831341876405,2.888268156424581,0.5586592178770949,0.12686870262673905,0.6731843575418994,0.22346368715083798,0.10335195530726257
82,4,1283.6624818778946,0,1,355,12.031655976514225,2.932394366197183,0.5633802816901409,0.09182852765295366,0.676056338028169,0.21971830985915494,0.10422535211267606
83,1,1197.7465538280605,1,0,951,11.576286819536064,2.9064143007360674,0.5709779179810726,0.11824445254522763,0.4490010515247108,0.3491062039957939,0.20189274447949526
83,2,1312.6852100024767,1,0,924,11.475405353599141,2.918831168831169,0.5822510822510822,0.14921548293603937,0.44805194805194803,0.354978354978355,0.19696969696969696
83,3,1341.3832698586295,1,1,948,11.644585797578696,2.9219409282700424,0.5632911392405063,0.08196202480000496,0.45358649789029537,0.3512658227848101,0.19514767932489452
83,4,1428.721044348469,1,1,981,11.756708570476174,2.959225280326198,0.563710499490316,0.044476806929718136,0.4505606523955148,0.35575942915392456,0.19367991845056065
84,1,799.157502053545,0,0,1142,11.412203371333328,2.957092819614711,0.5858143607705779,0.17242769580774092,0.6436077057793345,0.30823117338003503,0.04816112084063047
84,2,1140.6610949351682,0,0,1163,11.332381504362502,2.9742046431642306,0.58469475494411,0.18682646522948887,0.6354256233877902,0.3181427343078246,0.046431642304385214
84,3,1271.8083314600235,0,1,1173,11.447674392287457,2.950554134697357,0.5575447570332481,0.11533765740214082,0.6410912190963342,0.3145780051150895,0.0443307757885763
84,4,1319.8955350455624,0,1,1128,11.280548292177706,2.9308510638297873,0.5460992907801419,0.10047489282168731,0.6320921985815603,0.3191489361702128,0.04875886524822695
85,1,835.1351286096915,1,0,272,11.150331658934212,3.0551470588235294,0.6176470588235294,0.3749902479817377,0.5036764705882353,0.38235294117647056,0.11397058823529412
85,2,1172.8552395259821,1,0,285,11.246704731786908,3.049122807017544,0.6035087719298246,0.28447874858173455,0.4982456140350877,0.3719298245614035,0.12982456140350876
85,3,1111.8768034172895,1,1,283,11.357458298110235,3.0141342756183747,0.5759717314487632,0.2416340766189732,0.5159010600706714,0.36395759717314485,0.12014134275618374
85,4,1338.5059180479257,1,1,276,11.565200319698569,3.036231884057971,0.5652173913043478,0.23062434242794885,0.5072463768115942,0.37318840579710144,0.11956521739130435
86,1,815.6905175148278,0,0,281,10.884008663802382,3.1209964412811386,0.5871886120996441,0.10675553315924907,0.6263345195729537,0.2918149466192171,0.08185053380782918
86,2,1321.8905602164655,0,0,264,11.073573596858829,3.0757575757575757,0.5681818181818182,0.07229657813258057,0.6325757575757576,0.2803030303030303,0.08712121212121213
86,3,1100.810917759418,0,1,313,11.265745499837152,3.0926517571884986,0.5623003194888179,0.0257745096641444,0.6517571884984026,0.2715654952076677,0.07667731629392971
86,4,1104.0505630120208,0,1,307,11.339139833735393,3.0846905537459284,0.5635179153094463,-0.02341643004877433,0.6384364820846905,0.2931596091205212,0.06840390879478828
87,1,638.2895510447012,0,0,172,10.881258048803126,2.8255813953488373,0.5930232558139535,0.16802278822861957,0.6976744186046512,0.21511627906976744,0.0872093023255814
87,2,1055.999478683869,0,0,176,10.995962386930195,2.7954545454545454,0.5965909090909091,0.19147728674020673,0.7045454545454546,0.2159090909090909,0.07954545454545454
87,3,1266.0840938411002,0,1,168,11.07010720401466,2.7142857142857144,0.5892857142857143,0.15250923956490284,0.7142857142857143,0.20833333333333334,0.07738095238095238
87,4,1642.5299024628466,0,1,158,11.217835852775854,2.8037974683544302,0.5632911392405063,0.1309673845018929,0.7215189873417721,0.20253164556962025,0.0759493670886076
88,1,727.8140801900882,1,0,736,11.791366228617507,3.0230978260869565,0.47690217391304346,-0.3231542856684673,0.688858695652174,0.28125,0.029891304347826088
88,2,886.7803665655277,1,0,730,11.84026080109412,2.9945205479452053,0.473972602739726,-0.3524724873545907,0.6753424657534246,0.29178082191780824,0.03287671232876712
88,3,1090.7579882723287,1,1,726,11.75349374806872,3.005509641873278,0.47520661157024796,-0.3322982702273576,0.6845730027548209,0.2809917355371901,0.03443526170798898
88,4,1133.1599900908757,1,1,705,11.783952957874375,3.0099290780141845,0.4794326241134752,-0.31877456796181897,0.6950354609929078,0.2723404255319149,0.032624113475177303
89,1,926.026887578663,0,0,495,10.762697990109126,3.094949494949495,0.6080808080808081,0.4718034238283956,0.705050505050505,0.2222222222222222,0.07272727272727272
89,2,1035.444313946758,0,0,479,10.791275014177948,3.0897703549060545,0.6096033402922756,0.4276701860865022,0.7160751565762005,0.21294363256784968,0.0709812108559499
89,3,1468.8458275045612,0,1,480,10.810688963378572,3.089583333333333,0.5958333333333333,0.37706351961754436,0.7166666666666667,0.2125,0.07083333333333333
89,4,1459.7396100787666,0,1,463,10.971084829567287,3.1079913606911447,0.5961123110151187,0.3427869780707045,0.712742980561555,0.2203023758099352,0.06695464362850972
90,1,911.7955618995251,0,0,167,11.317400170450266,3.059880239520958,0.5868263473053892,0.2282453388441889,0.688622754491018,0.18562874251497005,0.12574850299401197
90,2,1128.4789414026136,0,0,163,11.550853393193554,3.049079754601227,0.5950920245398773,0.24448659108534354,0.6687116564417178,0.1901840490797546,0.1411042944785276
90,3,1565.1098926215582,0,1,166,11.711193164407762,3.072289156626506,0.5783132530120482,0.19704731865802874,0.6867469879518072,0.18072289156626506,0.13253012048192772
90,4,1743.4494685902835,0,1,166,11.343647216518416,3.0240963855421685,0.572289156626506,0.18572342538615297,0.6746987951807228,0.18072289156626506,0.14457831325301204
91,1,1035.1302061513047,0,0,236,11.02141614462138,3.0677966101694913,0.5720338983050848,0.30072172005393094,0.7330508474576272,0.1483050847457627,0.11864406779661017
91,2,973.224124132105,0,0,260,11.218748768536768,2.973076923076923,0.5461538461538461,0.13240987219076128,0.7307692307692307,0.14615384615384616,0.12307692307692308
91,3,1090.6075698779064,0,1,252,11.33572180832221,2.9563492063492065,0.5,-0.03504113789038207,0.7341269841269841,0.14682539682539683,0.11904761904761904
91,4,1239.1119074112755,0,1,232,11.228198367377956,3.021551724137931,0.4870689655172414,-0.013030425489183857,0.7198275862068966,0.15948275862068967,0.1206896551724138
92,1,953.9514852360402,1,0,603,11.653710822571938,2.988391376451078,0.5505804311774462,-0.00431820603394335,0.8225538971807629,0.09618573797678276,0.0812603648424544
92,2,1005.8021001421444,1,0,580,11.666771582123864,2.970689655172414,0.5431034482758621,-0.04343387029845163,0.8344827586206897,0.08793103448275862,0.07758620689655173
92,3,1226.030768697264,1,1,568,11.649086898743818,3.0827464788732395,0.5422535211267606,-0.05299920660238978,0.8397887323943662,0.08626760563380281,0.07394366197183098
92,4,1276.7582182349977,1,1,567,11.544272351809605,3.0388007054673722,0.5396825396825397,-0.07825823875602536,0.8430335097001763,0.08112874779541446,0.07583774250440917
93,1,696.5692014429122,0,0,538,11.960198793644514,2.8345724907063197,0.44981412639405205,-0.5684370417688407,0.5613382899628253,0.2825278810408922,0.15613382899628253
93,2,699.5042471546855,0,0,531,11.805748686986707,2.8926553672316384,0.4651600753295669,-0.5536523687704442,0.5706214689265536,0.2768361581920904,0.15254237288135594
93,3,862.8457366496846,0,1,546,11.816459071951831,2.9505494505494507,0.4597069597069597,-0.5023596264710548,0.5787545787545788,0.27106227106227104,0.15018315018315018
93,4,987.345737416638,0,1,539,11.80303134322982,2.9647495361781075,0.44341372912801486,-0.5123452234906861,0.5862708719851577,0.274582560296846,0.1391465677179963
94,1,719.9710119499122,0,0,717,11.335543970439723,2.8716875871687586,0.5481171548117155,0.1578284579061009,0.7419804741980475,0.19525801952580196,0.06276150627615062
94,2,1181.2149288512085,0,0,739,11.348238012445048,2.8809201623815968,0.5520974289580515,0.1475502520812892,0.7374830852503383,0.20027063599458728,0.06224627875507442
94,3,1257.567188188468,0,1,749,11.385136061100187,2.8744993324432575,0.5433911882510013,0.09718626023375863,0.7423230974632844,0.19225634178905207,0.06542056074766354
94,4,1384.1001325885936,0,1,711,11.459694811981032,2.831223628691983,0.5358649789029536,0.06405319392628997,0.7412095639943741,0.19268635724331926,0.06610407876230662
95,1,1029.0986899752222,0,0,843,11.122606834425582,3.0865954922894425,0.5895610913404508,0.29682397618049783,0.66785290628707,0.2775800711743772,0.054567022538552785
95,2,1106.9305783005796,0,0,815,11.173944549310123,3.100613496932515,0.5693251533742332,0.2620596325870099,0.6723926380368098,0.2748466257668712,0.05276073619631902
95,3,1077.518043449231,0,1,776,11.250730567176554,3.1146907216494846,0.5657216494845361,0.21388167300292701,0.6765463917525774,0.26804123711340205,0.055412371134020616
95,4,1344.7039495762833,0,1,825,11.349886905641041,3.08,0.5672727272727273,0.16058863082511501,0.6763636363636364,0.2703030303030303,0.05333333333333334
96,1,828.4726307705143,1,0,1249,11.87886576237645,3.0264211369095277,0.4843875100080064,-0.3533001976393524,0.7622097678142514,0.1289031224979984,0.1088871096877502
96,2,913.9998674826552,1,0,1254,11.954179991662754,3.0342902711323765,0.47527910685805425,-0.3442514641402666,0.7615629984051037,0.1283891547049442,0.11004784688995216
96,3,1016.7983828861971,1,1,1348,11.959142392258997,3.064540059347181,0.4710682492581602,-0.3580178635661778,0.7618694362017804,0.1327893175074184,0.10534124629080119
96,4,1237.4695871158594,1,1,1331,11.90410119882697,3.0593538692712245,0.4800901577761082,-0.30629408566112387,0.7716003005259203,0.13298271975957926,0.09541697971450037
97,1,992.9101152019912,1,0,985,11.327247601335987,3.030456852791878,0.617258883248731,0.2695432282747278,0.6954314720812182,0.12284263959390863,0.1817258883248731
97,2,1237.7025257712107,1,0,946,11.206136878354517,2.9936575052854124,0.6035940803382663,0.26165153770805677,0.7029598308668076,0.12367864693446089,0.1733615221987315
97,3,1429.228353967131,1,1,961,11.184557725168185,2.9698231009365244,0.5900104058272633,0.23922645037830534,0.7096774193548387,0.12382934443288242,0.16649323621227888
97,4,1466.8402473576475,1,1,912,11.317080816352103,2.949561403508772,0.5701754385964912,0.19211972224366927,0.6995614035087719,0.12719298245614036,0.17324561403508773
98,1,1308.714690368021,0,0,376,11.139694789131227,2.9414893617021276,0.5106382978723404,0.020881614284842812,0.7420212765957447,0.2127659574468085,0.04521276595744681
98,2,1054.116849925789,0,0,389,11.213599050227142,2.9460154241645244,0.5167095115681234,-0.04303197177442428,0.7403598971722365,0.21079691516709512,0.04884318766066838
98,3,1243.0295511152376,0,1,418,11.514655397887212,2.9569377990430623,0.4880382775119617,-0.14609580218337795,0.7511961722488039,0.20095693779904306,0.04784688995215311
98,4,1033.6191383276994,0,1,393,11.552189066132344,2.989821882951654,0.4860050890585242,-0.1592965167778507,0.7480916030534351,0.20865139949109415,0.043256997455470736
99,1,818.4914250701908,1,0,551,11.291393840776735,2.8874773139745917,0.5081669691470054,0.05341365106433214,0.6025408348457351,0.2613430127041742,0.13611615245009073
99,2,956.0372602310681,1,0,511,11.339596977933837,2.8864970645792565,0.5205479452054794,0.05790198580652009,0.6027397260273972,0.2700587084148728,0.12720156555772993
99,3,1112.6624420147189,1,1,566,11.428128467134053,2.918727915194346,0.5318021201413428,0.08522411077538135,0.598939929328622,0.2756183745583039,0.1254416961130742
99,4,1321.7295777090758,1,1,590,11.54754530773295,2.940677966101695,0.5322033898305085,0.02467371745848763,0.6,0.28135593220338984,0.11864406779661017
100,1,749.8432667319058,0,0,842,12.294566676077306,3.07125890736342,0.45368171021377673,-0.3803777369963646,0.9073634204275535,0.052256532066508314,0.040380047505938245
100,2,822.94128242865,0,0,892,12.334256278021794,3.1053811659192827,0.4517937219730942,-0.37086660355551293,0.8957399103139013,0.05717488789237668,0.04708520179372197
100,3,884.003440282508,0,1,968,12.24120706902092,3.0485537190082646,0.4690082644628099,-0.32298944467466056,0.8915289256198347,0.056818181818181816,0.05165289256198347
100,4,950.0305615982735,0,1,925,12.162216660886244,3.0724324324324326,0.4616216216216216,-0.3061147949272739,0.8918918918918919,0.05837837837837838,0.04972972972972973
101,1,937.766579300538,0,0,1463,11.031869187719494,2.987012987012987,0.5686944634313056,0.19922857701115054,0.5201640464798359,0.33561175666438825,0.1442241968557758
101,2,1051.0410776376657,0,0,1440,11.16583503804745,2.995138888888889,0.5652777777777778,0.17143300160833144,0.5277777777777778,0.33194444444444443,0.14027777777777778
101,3,1178.145260389232,0,1,1490,11.307894833279699,2.95503355704698,0.5577181208053691,0.09565052194573695,0.5295302013422819,0.3288590604026846,0.14161073825503356
101,4,1314.7578699010535,0,1,1396,11.376287965019829,2.9606017191977076,0.5472779369627507,0.08322820829926701,0.5236389684813754,0.335243553008596,0.14111747851002865
102,1,589.1577175584896,1,0,1058,11.946680922442663,3.0217391304347827,0.4773156899810964,-0.22972859847124777,0.7088846880907372,0.24196597353497165,0.04914933837429111
102,2,805.150655039613,1,0,1016,11.802354726565106,3.0088582677165356,0.4921259842519685,-0.19253579540808508,0.7234251968503937,0.23031496062992127,0.04625984251968504
102,3,967.9277090583586,1,1,981,11.810071499280982,2.99388379204893,0.49133537206931704,-0.19376744166287582,0.7268093781855249,0.22833843017329256,0.04485219164118247
102,4,1055.235865138003,1,1,965,11.79526150935443,2.967875647668394,0.48704663212435234,-0.20120056879782003,0.7264248704663212,0.22797927461139897,0.04559585492227979
103,1,821.5183751888065,0,0,312,11.054411205485836,3.092948717948718,0.6634615384615384,0.5260935250773421,0.7756410256410257,0.14102564102564102,0.08333333333333333
103,2,1183.1561538602061,0,0,291,10.99289729166198,3.06872852233677,0.6666666666666666,0.5180632935611894,0.7800687285223368,0.140893470790378,0.07903780068728522
103,3,1388.5065225476465,0,1,296,11.181958001477344,3.1114864864864864,0.6486486486486487,0.39380178599002214,0.7804054054054054,0.13513513513513514,0.08445945945945946
103,4,1802.3322351942827,0,1,319,11.267358787673619,3.103448275862069,0.6332288401253918,0.34670391918530885,0.7836990595611285,0.13479623824451412,0.08150470219435736
104,1,737.9092081196893,0,0,321,11.403650205048477,2.7414330218068534,0.5327102803738317,-0.02555008491061961,0.7694704049844237,0.08411214953271028,0.14641744548286603
104,2,970.6501190253772,0,0,363,11.43005744150452,2.831955922865014,0.5344352617079889,-0.02825106740681592,0.7603305785123967,0.09641873278236915,0.14325068870523416
104,3,1289.7126846958133,0,1,371,11.522040080234556,2.881401617250674,0.5202156334231806,-0.08597007293478993,0.7547169811320755,0.09433962264150944,0.1509433962264151
104,4,1150.5991237269602,0,1,432,11.520453935519287,2.8703703703703702,0.5092592592592593,-0.17478629760730124,0.7708333333333334,0.09490740740740741,0.13425925925925927
105,1,643.9107982983479,0,0,1142,12.296269173675986,2.9929947460595447,0.4159369527145359,-0.7158014560747034,0.6742556917688266,0.20140105078809106,0.1243432574430823
105,2,659.8621091840645,0,0,1117,12.216191499178388,3.0232766338406445,0.4279319606087735,-0.6557045540860895,0.683974932855864,0.19785138764547897,0.11817367949865712
105,3,912.004729535382,0,1,1095,12.197058679738207,3.023744292237443,0.41735159817351597,-0.6276728871007,0.691324200913242,0.1954337899543379,0.1132420091324201
105,4,845.59216193397,0,1,1052,12.242820717013828,3.052281368821293,0.4306083650190114,-0.586489003887764,0.6929657794676806,0.19296577946768062,0.11406844106463879
106,1,862.6807499236614,1,0,101,10.757420995526493,2.900990099009901,0.4752475247524752,0.14625263662661617,0.693069306930693,0.2376237623762376,0.06930693069306931
106,2,1035.368071234079,1,0,125,10.958624973925064,2.912,0.488,0.001983011622722584,0.656,0.272,0.072
106,3,977.0480467876312,1,1,128,11.444710371683113,2.9296875,0.5,-0.044065667771486856,0.65625,0.265625,0.078125
106,4,1159.0707630287175,1,1,153,11.38825633599276,2.869281045751634,0.477124183006536,-0.05491194994029026,0.6666666666666666,0.2549019607843137,0.0784313725490196
107,1,1056.565128583617,0,0,307,11.946770431202015,2.8827361563517915,0.5407166123778502,0.06113952188361277,0.7231270358306189,0.1986970684039088,0.0781758957654723
107,2,1139.422471489079,0,0,333,11.782073842927883,2.9129129129129128,0.5315315315315315,0.0718383846428738,0.7087087087087087,0.21021021021021022,0.08108108108108109
107,3,1098.1129029864007,0,1,320,11.8776081841798,2.8875,0.51875,0.05761514233539646,0.7125,0.2,0.0875
107,4,1310.2548810169876,0,1,295,11.848332649679179,2.8440677966101693,0.5050847457627119,0.029073493262427093,0.7186440677966102,0.19322033898305085,0.08813559322033898
108,1,853.7297160351477,1,0,777,11.323913420450468,3.021879021879022,0.5701415701415702,0.18819334854326555,0.8455598455598455,0.10296010296010295,0.05148005148005148
108,2,1187.4860607264625,1,0,769,11.368213417351832,3.0195058517555267,0.5643693107932379,0.18127562954594564,0.8452535760728218,0.10273081924577374,0.05201560468140442
108,3,1293.1862517018824,1,1,764,11.257580761027421,3.0301047120418847,0.5615183246073299,0.16090035592891844,0.837696335078534,0.10209424083769633,0.060209424083769635
108,4,1454.149156795001,1,1,751,11.327379142538502,3.010652463382157,0.5459387483355526,0.13516548378748525,0.8268974700399467,0.10785619174434088,0.06524633821571238
109,1,919.1519691892202,0,0,840,11.496554999156935,3.001190476190476,0.530952380952381,0.05191403711161366,0.7904761904761904,0.15119047619047618,0.058333333333333334
109,2,970.6906863601555,0,0,840,11.425597773895827,2.975,0.5202380952380953,0.04104464023636419,0.7833333333333333,0.1595238095238095,0.05714285714285714
109,3,1072.3082492411713,0,1,828,11.46607128626374,2.9855072463768115,0.5169082125603864,0.02241006468979414,0.7910628019323671,0.15217391304347827,0.05676328502415459
109,4,1422.679756864643,0,1,793,11.370547306306419,2.98234552332913,0.5157629255989912,0.02676120512195606,0.7868852459016393,0.15636822194199243,0.05674653215636822
110,1,946.7747039253677,1,0,417,12.067994958778618,3.115107913669065,0.434052757793765,-0.37128100074238257,0.44844124700239807,0.4316546762589928,0.11990407673860912
110,2,893.5105431355205,1,0,406,12.163102277779776,3.0911330049261085,0.4433497536945813,-0.3907033838523144,0.45073891625615764,0.4211822660098522,0.12807881773399016
110,3,871.619063871437,1,1,487,12.323099348880653,3.0739219712525667,0.4517453798767967,-0.4262794701965642,0.44969199178644764,0.4209445585215606,0.1293634496919918
110,4,968.9750297434442,1,1,506,12.057458364814815,3.0731225296442686,0.4683794466403162,-0.34486907121847454,0.4723320158102767,0.40118577075098816,0.12648221343873517
111,1,1105.0900920122137,1,0,121,10.702517170785457,3.049586776859504,0.5619834710743802,0.21094259580155833,0.7768595041322314,0.1487603305785124,0.0743801652892562
111,2,1432.6504993234812,1,0,123,11.194954052506874,3.154471544715447,0.5528455284552846,0.13460150535388685,0.7967479674796748,0.13008130081300814,0.07317073170731707
111,3,1413.1486304057946,1,1,153,11.26060556488255,3.1176470588235294,0.5163398692810458,0.04162133257345932,0.7712418300653595,0.1437908496732026,0.08496732026143791
111,4,1334.139581665992,1,1,154,11.233013806681308,3.142857142857143,0.5064935064935064,-2.6294289738243735e-4,0.7662337662337663,0.14285714285714285,0.09090909090909091
112,1,689.6255099123198,0,0,403,12.371514417169694,3.1240694789081886,0.41687344913151364,-0.554694347182128,0.48635235732009924,0.45409429280397023,0.05955334987593052
112,2,797.902092748385,0,0,386,12.294159182396466,3.116580310880829,0.4326424870466321,-0.4949227467171642,0.48186528497409326,0.46113989637305697,0.05699481865284974
112,3,848.2347098803674,0,1,419,12.314654511723703,3.126491646778043,0.4295942720763723,-0.4278709783026983,0.4892601431980907,0.45346062052505964,0.057279236276849645
112,4,1136.015216518952,0,1,394,12.34551173855386,3.1243654822335025,0.43147208121827413,-0.3930323564635307,0.4949238578680203,0.44923857868020306,0.05583756345177665
113,1,611.1675045958917,1,0,139,11.630608707067655,2.856115107913669,0.6187050359712231,-0.002282686170858176,0.7338129496402878,0.17985611510791366,0.08633093525179857
113,2,800.0233907179705,1,0,161,11.724322688634173,2.9316770186335406,0.5838509316770186,-0.06983618074337587,0.7142857142857143,0.17391304347826086,0.11180124223602485
113,3,834.2072222050086,1,1,163,11.576492536575175,3.0122699386503067,0.5766871165644172,-0.08171299178933908,0.7055214723926381,0.18404907975460122,0.11042944785276074
113,4,1234.6498532202504,1,1,163,11.821667644937769,3.049079754601227,0.5521472392638037,-0.13992369176360905,0.7177914110429447,0.147239263803681,0.13496932515337423
114,1,646.3300062453881,1,0,175,12.984149059677526,2.942857142857143,0.3657142857142857,-1.163625534227559,0.7657142857142857,0.18285714285714286,0.05142857142857143
114,2,642.8407007456823,1,0,159,13.022085752031861,2.792452830188679,0.3710691823899371,-1.139694363423273,0.7484276729559748,0.20125786163522014,0.050314465408805034
114,3,710.9233674081023,1,1,151,12.993115932083969,2.9006622516556293,0.37748344370860926,-1.0858130166985038,0.7417218543046358,0.2119205298013245,0.046357615894039736
114,4,763.8744794469442,1,1,145,13.017665257322987,2.8758620689655174,0.3931034482758621,-0.992731276500513,0.7517241379310344,0.2,0.04827586206896552
115,1,1066.6668494257638,1,0,1460,11.160691318979188,2.96986301369863,0.5684931506849316,0.14720446005313054,0.7897260273972603,0.11917808219178082,0.0910958904109589
115,2,1241.375283660185,1,0,1457,11.127920513185867,2.9739190116678107,0.5655456417295813,0.13926167300984116,0.7865477007549759,0.1153054221002059,0.09814687714481812
115,3,1235.8451142198805,1,1,1477,11.126157208503498,2.943805010155721,0.5585646580907244,0.09483911461439933,0.7792823290453622,0.12051455653351388,0.1002031144211239
115,4,1480.5294232293986,1,1,1413,11.116462650675036,2.9462137296532203,0.5626326963906582,0.09881837381273909,0.778485491861288,0.11889596602972399,0.10261854210898796
116,1,911.9920691516613,0,0,1542,11.17462895715452,3.01621271076524,0.559662775616083,0.16563262443946014,0.6569390402075227,0.20622568093385213,0.13683527885862518
116,2,1008.3011817476344,0,0,1459,11.224834635501692,3.0287868403015765,0.564770390678547,0.1869138774318696,0.6614119259766964,0.2021932830705963,0.13639479095270735
116,3,1318.7715609302018,0,1,1350,11.134848251692368,3.025185185185185,0.5607407407407408,0.19290361252743124,0.6555555555555556,0.20592592592592593,0.1385185185185185
116,4,1306.166832023464,0,1,1421,11.179024527326813,3.003518648838846,0.5475017593244195,0.11276607152543905,0.6502463054187192,0.20689655172413793,0.14285714285714285
117,1,1175.0800518902518,1,0,224,11.240599733814179,2.9776785714285716,0.59375,0.4291726869900639,0.6339285714285714,0.24553571428571427,0.12053571428571429
117,2,1116.6891642734968,1,0,224,11.115661756647183,2.9419642857142856,0.5491071428571429,0.35924090562356914,0.6473214285714286,0.22767857142857142,0.125
117,3,1204.7857202105997,1,1,231,11.224938105943018,2.896103896103896,0.5281385281385281,0.2316562738525928,0.6103896103896104,0.24675324675324675,0.14285714285714285
117,4,1374.0607726079013,1,1,267,11.539711161023664,2.898876404494382,0.5168539325842697,0.08094459413268643,0.5955056179775281,0.2546816479400749,0.149812734082397
118,1,668.2914242203948,0,0,179,11.461948155109054,2.782122905027933,0.4692737430167598,-0.10416402490896107,0.8547486033519553,0.1005586592178771,0.0446927374301676
118,2,878.000515203464,0,0,239,11.185374304429393,2.98326359832636,0.4811715481171548,-0.14304400954070934,0.8075313807531381,0.13807531380753138,0.05439330543933055
118,3,1019.9146084994468,0,1,238,11.11360655277243,2.953781512605042,0.5084033613445378,-0.04977186606618152,0.819327731092437,0.12605042016806722,0.0546218487394958
118,4,1198.4254043999047,0,1,227,11.074518681454727,2.8766519823788546,0.5022026431718062,-0.05552277327377734,0.8193832599118943,0.1277533039647577,0.05286343612334802
119,1,903.632736668457,0,0,1140,10.981016713452568,3.0482456140350878,0.6105263157894737,0.32554465359751195,0.7780701754385965,0.16052631578947368,0.06140350877192982
119,2,1126.9321094692734,0,0,1089,10.958839608941535,3.0798898071625342,0.6143250688705234,0.3270049505954499,0.7805325987144169,0.16345270890725436,0.05601469237832874
119,3,1273.6937079645077,0,1,1042,11.064861458982646,3.087332053742802,0.6094049904030711,0.27800575532921007,0.7821497120921305,0.16410748560460653,0.053742802303262956
119,4,1409.8626223312249,0,1,1007,11.110927863610378,3.029791459781529,0.5938430983118173,0.24693734979029913,0.7815292949354519,0.16385302879841113,0.05461767626613704
120,1,856.3720944295121,0,0,239,11.210595832931999,3.1255230125523012,0.4895397489539749,-0.003718833743763183,0.7280334728033473,0.19665271966527198,0.07531380753138076
120,2,966.4596276689299,0,0,224,11.088135566863203,3.142857142857143,0.5089285714285714,0.02037147363049757,0.7232142857142857,0.20089285714285715,0.07589285714285714
120,3,1368.9238977713135,0,1,223,11.194708452867598,3.0493273542600896,0.5291479820627802,0.008257730080529489,0.726457399103139,0.2062780269058296,0.06726457399103139
120,4,1251.5289592479903,0,1,231,11.465977665522873,3.0779220779220777,0.5584415584415584,0.006518320750277663,0.7316017316017316,0.19480519480519481,0.0735930735930736
121,1,924.4283933089495,0,0,91,11.061127526841352,3.197802197802198,0.6923076923076923,0.38457004313829074,0.8241758241758241,0.07692307692307693,0.0989010989010989
121,2,1711.9404920682443,0,0,91,11.13118102560246,3.208791208791209,0.6703296703296703,0.38260273148666185,0.8571428571428571,0.054945054945054944,0.08791208791208792
121,3,1507.476174529331,0,1,83,10.838322326587273,3.0843373493975905,0.6265060240963856,0.30273698919553593,0.8554216867469879,0.060240963855421686,0.08433734939759036
121,4,2223.7594456883326,0,1,85,10.811790324977633,3.023529411764706,0.6,0.1932663436496041,0.8352941176470589,0.08235294117647059,0.08235294117647059
122,1,681.2077569839279,0,0,1371,11.461613245643875,2.8811086797957697,0.5288110867979577,-0.035332611398213656,0.62509117432531,0.17213712618526622,0.20277169948942378
122,2,968.7531380739325,0,0,1358,11.440178230886778,2.8792341678939617,0.5419734904270986,-0.01914461749571259,0.6391752577319587,0.16494845360824742,0.1958762886597938
122,3,1104.3906396203522,0,1,1376,11.362761694579689,2.9084302325581395,0.5414244186046512,-0.029477572914336683,0.6453488372093024,0.1613372093023256,0.1933139534883721
122,4,1245.9738838581031,0,1,1345,11.48644185740519,2.891449814126394,0.5494423791821561,-0.02087899275261078,0.6490706319702603,0.1613382899628253,0.1895910780669145
123,1,723.9507649224254,1,0,415,11.301353504794804,2.959036144578313,0.5518072289156627,0.10882879773998701,0.4578313253012048,0.28433734939759037,0.25783132530120484
123,2,1207.9724934735623,1,0,397,11.529615736889115,2.9874055415617127,0.5642317380352645,0.1274468701708681,0.4634760705289673,0.27204030226700254,0.26448362720403024
123,3,1292.887421491186,1,1,363,11.574152248537823,3.005509641873278,0.5537190082644629,0.12118332424707562,0.4462809917355372,0.27823691460055094,0.27548209366391185
123,4,1158.64335457306,1,1,362,11.741872959320343,2.977900552486188,0.5193370165745856,0.02448679613932617,0.44751381215469616,0.26519337016574585,0.287292817679558
124,1,848.1167680427278,0,0,111,11.351802217354836,3.054054054054054,0.5495495495495496,0.070225543559106,0.7027027027027027,0.27927927927927926,0.018018018018018018
124,2,883.2957222852168,0,0,114,11.194415264960815,3.06140350877193,0.543859649122807,0.1007421945914495,0.7105263157894737,0.2719298245614035,0.017543859649122806
124,3,1542.8186759287632,0,1,134,11.296169484522057,3.0074626865671643,0.5597014925373134,0.060404063526609514,0.7089552238805971,0.2835820895522388,0.007462686567164179
124,4,1094.1282954840221,0,1,142,11.306613472639023,3.0211267605633805,0.5422535211267606,-0.04307086355768179,0.704225352112676,0.2746478873239437,0.02112676056338028
125,1,787.8148814349386,0,0,1660,11.412689931347202,2.8987951807228916,0.5487951807228916,0.10392177732217418,0.7951807228915663,0.17349397590361446,0.03132530120481928
125,2,1090.753673289927,0,0,1631,11.36592295207499,2.9110974862047825,0.5444512568976089,0.06160163976294473,0.7915389331698345,0.17657878602084612,0.03188228080931944
125,3,1027.575544199521,0,1,1748,11.38744593788423,2.959954233409611,0.5360411899313501,0.05745383516007055,0.7917620137299771,0.17906178489702518,0.02917620137299771
125,4,1243.941383666275,0,1,1680,11.435241676753105,2.967857142857143,0.5398809523809524,0.04370870809794494,0.7875,0.18333333333333332,0.029166666666666667
126,1,987.9891059315127,1,0,514,11.336441476370613,3.068093385214008,0.5077821011673151,-0.007007265809218704,0.8015564202334631,0.13618677042801555,0.0622568093385214
126,2,1365.1403836907598,1,0,542,11.42424580434338,3.0996309963099633,0.4833948339483395,-0.03944913799788321,0.8081180811808119,0.13468634686346864,0.05719557195571956
126,3,1412.4797916230277,1,1,506,11.594192406720143,3.0869565217391304,0.48616600790513836,-0.06783970933406477,0.8003952569169961,0.14031620553359683,0.05928853754940711
126,4,1405.9641998682564,1,1,485,11.62958945355169,3.0618556701030926,0.4762886597938144,-0.07419689323985057,0.8082474226804124,0.1360824742268041,0.05567010309278351
127,1,898.5780259287509,0,0,1140,11.15235732930414,2.956140350877193,0.5710526315789474,0.24192096556347198,0.7921052631578948,0.13596491228070176,0.07192982456140351
127,2,1270.1363048259695,0,0,1143,11.162047543742542,2.957130358705162,0.5643044619422573,0.22571866347763372,0.7979002624671916,0.13035870516185477,0.07174103237095363
127,3,1188.8536065291685,0,1,1123,11.347512399989974,2.9029385574354407,0.560106856634016,0.18365724581829132,0.8103294746215495,0.1246660730186999,0.06500445235975066
127,4,1366.5376031097292,0,1,1100,11.390499932254057,2.93,0.5672727272727273,0.17111315200628346,0.7990909090909091,0.1290909090909091,0.07181818181818182
128,1,841.9289072442025,0,0,1142,11.63367065603037,3.0227670753064797,0.5385288966725044,-0.04210488349884661,0.6164623467600701,0.24518388791593695,0.138353765323993
128,2,999.4755550951805,0,0,1112,11.57205498811728,2.964028776978417,0.5449640287769785,-0.028605209919743097,0.6232014388489209,0.24100719424460432,0.1357913669064748
128,3,1049.9908349727136,0,1,1042,11.527374539865766,2.933781190019194,0.5403071017274472,-0.02283244609324156,0.6151631477927063,0.2476007677543186,0.13723608445297505
128,4,1180.4126195293302,0,1,1147,11.694363809089298,2.929380993897123,0.5222319093286836,-0.1116873225503822,0.6198779424585876,0.24673060156931126,0.13339145597210114
129,1,837.5617139342585,0,0,616,11.67941194694241,3.1282467532467533,0.5487012987012987,0.08096690808208884,0.6087662337662337,0.26461038961038963,0.1266233766233766
129,2,1129.6777487958698,0,0,606,11.639186683177979,3.1105610561056105,0.5577557755775577,0.09115654801998374,0.6221122112211221,0.25577557755775576,0.12211221122112212
129,3,1182.0756880383526,0,1,674,11.597782751735657,3.1172106824925816,0.5459940652818991,0.05627710041773725,0.6305637982195845,0.2522255192878338,0.1172106824925816
129,4,1216.3203258069768,0,1,623,11.70113131672822,3.157303370786517,0.5409309791332263,0.012217629973254908,0.6243980738362761,0.2536115569823435,0.12199036918138041
130,1,821.0652010962187,0,0,576,11.312049334130833,2.96875,0.5677083333333334,0.17109111289942858,0.5989583333333334,0.2482638888888889,0.1527777777777778
130,2,1076.577797627038,0,0,645,11.326276226014919,2.9674418604651165,0.5627906976744186,0.10893748036275142,0.5984496124031008,0.24496124031007752,0.15658914728682172
130,3,1174.678794301904,0,1,624,11.441079688803278,3.014423076923077,0.5496794871794872,0.07637837721280674,0.592948717948718,0.2467948717948718,0.16025641025641027
130,4,1251.742101137636,0,1,597,11.537853464393336,2.996649916247906,0.5443886097152428,0.05524800424853864,0.6013400335008375,0.24623115577889448,0.152428810720268
131,1,980.2435061808121,0,0,410,10.803032531633592,3.1,0.5853658536585366,0.22324089106252093,0.5853658536585366,0.21707317073170732,0.1975609756097561
131,2,1193.7991779398312,0,0,408,10.92441978902535,3.127450980392157,0.5931372549019608,0.16272672336343608,0.5980392156862745,0.21323529411764705,0.18872549019607843
131,3,1452.5394414294183,0,1,417,11.016827058072911,3.091127098321343,0.5755395683453237,0.128444465413818,0.5851318944844125,0.2158273381294964,0.19904076738609114
131,4,1389.6030519303115,0,1,392,11.004664568392544,3.0841836734693877,0.5841836734693877,0.14185296811857984,0.5943877551020408,0.22193877551020408,0.1836734693877551
132,1,957.391914384111,0,0,194,11.23479798732214,3.0309278350515463,0.5979381443298969,0.42947342454763404,0.7474226804123711,0.0979381443298969,0.15463917525773196
132,2,1187.0959802563389,0,0,180,11.427749438497019,3.0444444444444443,0.6055555555555555,0.4257360394486247,0.7611111111111111,0.10555555555555556,0.13333333333333333
132,3,1708.0531231353825,0,1,183,11.532290021551004,3.0655737704918034,0.5683060109289617,0.32152469242256687,0.7704918032786885,0.10382513661202186,0.12568306010928962
132,4,1399.243927539862,0,1,182,11.617187835898976,3.0494505494505493,0.5494505494505495,0.25964575325985795,0.7637362637362637,0.0989010989010989,0.13736263736263737
133,1,786.332615878902,0,0,918,11.626432439574943,3,0.5119825708061002,-0.08660216894732926,0.6045751633986928,0.29302832244008714,0.10239651416122005
133,2,945.6085544126942,0,0,883,11.679103794950711,3.0509626274065687,0.5175537938844847,-0.10130914710771417,0.6047565118912798,0.289920724801812,0.10532276330690826
133,3,1121.1338839889704,0,1,870,11.753672452630338,3.0206896551724136,0.5229885057471264,-0.10099978356676066,0.6,0.29195402298850576,0.10804597701149425
133,4,1202.5085243790322,0,1,851,11.640208845436042,3.036427732079906,0.5146886016451234,-0.07030200130483677,0.6086956521739131,0.28437132784958874,0.10693301997649823
134,1,801.5553783175781,0,0,1199,11.760510312352094,2.9849874895746455,0.5254378648874062,-0.033298273144240324,0.6497080900750626,0.22185154295246037,0.12844036697247707
134,2,1010.98789444288,0,0,1191,11.668602823197837,2.9605373635600336,0.5247691015952981,-0.029857948932485407,0.6582703610411419,0.22082283795130142,0.12090680100755667
134,3,989.1217020934308,0,1,1161,11.845697727323792,2.954349698535745,0.5211024978466839,-0.0933257109405937,0.6597760551248923,0.2144702842377261,0.12575366063738158
134,4,1296.5422713348657,0,1,1162,11.922774402521613,2.9440619621342514,0.5120481927710844,-0.10422986900391781,0.6652323580034424,0.21256454388984508,0.12220309810671257
135,1,878.4423548057681,0,0,562,11.483876504730175,3.106761565836299,0.5338078291814946,0.11408219381202346,0.7366548042704626,0.1103202846975089,0.15302491103202848
135,2,1047.6157089274786,0,0,542,11.49123027796649,3.1180811808118083,0.540590405904059,0.11183059450504619,0.7472324723247232,0.1088560885608856,0.14391143911439114
135,3,1161.8706970471508,0,1,524,11.310418109864221,3.0801526717557253,0.5248091603053435,0.11373993444034142,0.7538167938931297,0.10687022900763359,0.13931297709923665
135,4,1331.4721773863112,0,1,527,11.28127471744896,3.094876660341556,0.5199240986717267,0.1054861669872479,0.7495256166982922,0.11195445920303605,0.13851992409867173
136,1,741.8612112723868,1,0,2284,11.666849715107851,2.9960595446584937,0.4886164623467601,-0.15622963156987016,0.8305604203152365,0.11690017513134851,0.05253940455341506
136,2,955.7596747096973,1,0,2225,11.646213065264991,3.0098876404494384,0.49573033707865166,-0.12106574500832361,0.8310112359550562,0.1150561797752809,0.05393258426966292
136,3,1058.7109632655408,1,1,2152,11.611093882273975,3.018122676579926,0.504182156133829,-0.11101559957562585,0.828996282527881,0.11895910780669144,0.05204460966542751
136,4,1225.6647490744917,1,1,2104,11.560800858666422,3.008555133079848,0.498574144486692,-0.10557106833378303,0.8326996197718631,0.11596958174904944,0.051330798479087454
137,1,842.2254908683383,0,0,313,11.582271976206007,2.929712460063898,0.4696485623003195,-0.030850125062770687,0.5463258785942492,0.34185303514376997,0.11182108626198083
137,2,951.5353032588316,0,0,295,11.543589334976843,2.9694915254237286,0.4610169491525424,-0.033130233620854994,0.5423728813559322,0.34576271186440677,0.11186440677966102
137,3,1441.8433573970176,0,1,324,11.455463229070915,2.9722222222222223,0.4660493827160494,-0.054538167869950825,0.5493827160493827,0.3333333333333333,0.11728395061728394
137,4,1193.4626004841562,0,1,317,11.509745502947286,2.952681388012618,0.4637223974763407,-0.07489962701942052,0.5646687697160884,0.334384858044164,0.10094637223974763
138,1,943.5041237790782,1,0,1311,11.517632089810492,2.9412662090007626,0.5263157894736842,-0.037794211222853154,0.6781083142639207,0.2234935163996949,0.09839816933638444
138,2,959.5459019675952,1,0,1232,11.54586757584497,2.9545454545454546,0.5178571428571429,-0.044510688198364554,0.674512987012987,0.22483766233766234,0.10064935064935066
138,3,1041.4280562608155,1,1,1209,11.547154205489498,2.9801488833746896,0.5186104218362283,-0.05026929353786946,0.6691480562448304,0.22580645161290322,0.10504549214226634
138,4,1200.9552932797794,1,1,1179,11.488122158345732,2.9567430025445294,0.5199321458863444,-0.08937185314991744,0.6726039016115352,0.22561492790500423,0.10178117048346055
139,1,776.223453368193,0,0,679,11.021254354955772,3.0338733431516935,0.5699558173784978,0.20233005503817586,0.6715758468335787,0.28424153166421207,0.044182621502209134
139,2,960.0770170139126,0,0,680,11.119763898519565,3.0176470588235293,0.5470588235294118,0.13955873556013618,0.6735294117647059,0.275,0.051470588235294115
139,3,1176.5512208725993,0,1,683,11.237550917374529,3.005856515373353,0.5314787701317716,0.08209515660091989,0.677891654465593,0.2752562225475842,0.04685212298682284
139,4,1337.6402283829743,0,1,666,11.255434336575341,3.0375375375375375,0.5375375375375375,0.06592463400239186,0.6846846846846847,0.26576576576576577,0.04954954954954955
140,1,1014.8076844489714,0,0,354,11.499934337321495,3.098870056497175,0.5790960451977402,0.1534303748933138,0.7542372881355932,0.14124293785310735,0.10451977401129943
140,2,933.0392283520221,0,0,357,11.571819671965534,3.123249299719888,0.5686274509803921,0.15194508401774456,0.7591036414565826,0.13725490196078433,0.10364145658263306
140,3,1117.3043728315556,0,1,356,11.433272604060583,3.081460674157303,0.5870786516853933,0.13718336602412368,0.7471910112359551,0.14606741573033707,0.10674157303370786
140,4,1356.3095419453637,0,1,358,11.319371383459327,3.022346368715084,0.5810055865921788,0.1816264594777329,0.7458100558659218,0.1424581005586592,0.11173184357541899
141,1,1000.5799456416432,0,0,603,11.436748781427694,3.033167495854063,0.5091210613598673,-0.031186854635915983,0.61857379767827525,0.19900497512437812,0.1824212271973466
141,2,1057.336112367862,0,0,591,11.447485961054431,2.989847715736041,0.5109983079526227,-0.016655012689340495,0.6209813874788495,0.19627749576988154,0.18274111675126903
141,3,1125.0822054342536,0,1,566,11.452317931054212,3.0159010600706715,0.5123674911660777,0.011051942948642639,0.6166077738515902,0.21024734982332155,0.17314487632508835
141,4,1152.4748513624227,0,1,564,11.505830087582474,2.9875886524822697,0.5088652482269503,-0.05331550977492747,0.6294326241134752,0.20035460992907803,0.1702127659574468
142,1,868.3090392045549,1,0,614,10.778835271077376,3.0684039087947883,0.6140065146579805,0.41642030612366,0.5814332247557004,0.26221498371335505,0.1563517915309446
142,2,1239.7726077695472,1,0,591,10.799065139951633,3.0727580372250425,0.6074450084602369,0.36744677556472244,0.5871404399323181,0.2571912013536379,0.155668358714044
142,3,1457.8346873564894,1,1,572,10.963788660617807,3.006993006993007,0.5944055944055944,0.3432341426398616,0.5786713286713286,0.2692307692307692,0.1520979020979021
142,4,1666.869627474595,1,1,561,11.111340743206163,2.9964349376114083,0.5882352941176471,0.3242005777500717,0.5686274509803921,0.27629233511586454,0.15508021390374332
143,1,733.367479850151,0,0,338,11.567778553246022,3.0532544378698225,0.5236686390532544,0.05833680521529686,0.863905325443787,0.0650887573964497,0.07100591715976332
143,2,828.4125870580505,0,0,470,11.636976459957939,3.027659574468085,0.5127659574468085,0.01978651234684834,0.8659574468085106,0.06170212765957447,0.07234042553191489
143,3,1029.5901001364248,0,1,470,11.578278020333299,3.0361702127659576,0.5127659574468085,0.04225990863960444,0.8617021276595744,0.059574468085106386,0.07872340425531915
143,4,1194.616370057671,0,1,458,11.498370949737748,3.058951965065502,0.5131004366812227,0.03889663372997874,0.8493449781659389,0.06550218340611354,0.0851528384279476
144,1,1013.1114994165475,1,0,2285,11.298574895287757,2.9868708971553612,0.5641137855579869,0.169312570701991,0.7365426695842451,0.1137855579868709,0.14967177242888402
144,2,1109.683714144053,1,0,2489,11.485316871112063,2.9742868621936522,0.5339493772599437,-0.006044862428545254,0.7408597830453998,0.11169144234632382,0.1474487746082764
144,3,1301.7576889162256,1,1,2414,11.45990819387119,2.9710024855012427,0.5298260149130074,0.020707848064718693,0.7394366197183099,0.10936205468102735,0.1512013256006628
144,4,1479.9739736587271,1,1,2741,11.375237267914422,2.980299160890186,0.5355709595038307,0.031620624097456924,0.7395111273257935,0.11565122218168551,0.14483765049252098
145,1,853.5204248622272,0,0,1663,11.666210380420193,2.985568250150331,0.5267588695129285,-0.1047759576552043,0.5898977751052316,0.20625375826819,0.20384846662657846
145,2,1082.1770731724832,0,0,1655,11.595625250928515,2.9764350453172206,0.5359516616314199,-0.06922040418555814,0.5824773413897281,0.21450151057401812,0.2030211480362538
145,3,1108.1720389550699,0,1,1648,11.595639623474085,2.9575242718446604,0.5358009708737864,-0.044683511665113175,0.5770631067961165,0.22026699029126215,0.20266990291262135
145,4,1227.753275422111,0,1,1578,11.543304735701387,2.9721166032953104,0.5297845373891001,-0.03092044281018796,0.5804816223067174,0.21926489226869456,0.2002534854245881
146,1,919.1388889700746,1,0,982,11.048283725464985,2.9826883910386965,0.5641547861507128,0.19095211861352185,0.7118126272912424,0.1945010183299389,0.09368635437881874
146,2,1285.5164009122652,1,0,955,11.051407958732318,2.974869109947644,0.5612565445026177,0.1836065829091516,0.7214659685863875,0.19267015706806281,0.08586387434554973
146,3,1170.1901215936477,1,1,952,10.980151444305234,2.9800420168067228,0.5535714285714286,0.1652654233256483,0.7279411764705882,0.19012605042016806,0.0819327731092437
146,4,1390.4944377586173,1,1,923,11.147478385195877,3.0205850487540626,0.5503791982665223,0.08416709565752577,0.7280606717226435,0.19501625135427952,0.07692307692307693
147,1,1046.7247310386676,0,0,513,11.454112177195544,2.8635477582846005,0.5419103313840156,-0.09102083754086134,0.6744639376218323,0.23196881091617932,0.0935672514619883
147,2,894.3731720483961,0,0,486,11.418518452457027,2.8497942386831276,0.5576131687242798,-0.05628790132965571,0.6851851851851852,0.2242798353909465,0.09053497942386832
147,3,953.9605060622698,0,1,487,11.406408064752968,2.858316221765914,0.5626283367556468,-0.09579939030312352,0.6878850102669405,0.22176591375770022,0.09034907597535935
147,4,1049.0654548778364,0,1,485,11.517126732639598,2.8989690721649484,0.5731958762886598,-0.11074021420794217,0.6783505154639176,0.2329896907216495,0.088659793814433
148,1,1010.4604665668954,1,0,293,11.34652677343716,3.136518771331058,0.5426621160409556,-0.11425760491166581,0.5631399317406144,0.2627986348122867,0.17406143344709898
148,2,957.7671473131687,1,0,271,11.275081896388846,3.169741697416974,0.5608856088560885,-0.11657537716695311,0.5535055350553506,0.2656826568265683,0.18081180811808117
148,3,1093.195280326479,1,1,261,11.358811190752322,3.1340996168582373,0.5938697318007663,-0.09602685689180994,0.5440613026819924,0.2796934865900383,0.17624521072796934
148,4,1181.811327804599,1,1,266,11.5001359723185,3.1578947368421053,0.5601503759398496,-0.15713957440956725,0.5263157894736842,0.2894736842105263,0.18421052631578946
149,1,845.0585370300001,0,0,281,11.39652876733974,2.7829181494661923,0.5409252669039146,0.09210221185370028,0.5231316725978647,0.2918149466192171,0.18505338078291814
149,2,1095.4345238176677,0,0,282,11.414792378709928,2.75531914893617,0.5177304964539007,0.01381900033690746,0.5070921985815603,0.30851063829787234,0.18439716312056736
149,3,996.963534680947,0,1,287,11.564402954425423,2.7909407665505226,0.4808362369337979,-0.1046187931630813,0.4878048780487805,0.313588850174216,0.1986062717770035
149,4,1287.115706681176,0,1,292,11.583830335315701,2.808219178082192,0.4794520547945205,-0.09208868420850577,0.4863013698630137,0.3082191780821918,0.2054794520547945
150,1,985.3409668337503,0,0,436,11.372090159722891,2.958715596330275,0.5344036697247706,0.05893935514952899,0.694954128440367,0.1651376146788991,0.13990825688073394
150,2,966.7190925333356,0,0,439,11.310846625449308,2.9703872437357632,0.5330296127562643,0.023306196222434808,0.6947608200455581,0.17084282460136674,0.13439635535307518
150,3,1097.6800185706975,0,1,469,11.328170483927483,2.9957356076759063,0.5223880597014925,0.010399112142669914,0.7078891257995735,0.17057569296375266,0.12153518123667377
150,4,1284.689172587055,0,1,455,11.273640742459742,3.0175824175824175,0.5208791208791209,0.00802659301652645,0.7032967032967034,0.17362637362637362,0.12307692307692308
151,1,585.5913526349714,1,0,617,12.595378891295132,3.0761750405186388,0.4051863857374392,-0.6127198582391309,0.7115072933549432,0.11831442463533225,0.17017828200972449
151,2,682.0151832592386,1,0,598,12.408150499551352,3.120401337792642,0.41471571906354515,-0.5367947083153266,0.7123745819397993,0.11036789297658862,0.17725752508361203
151,3,830.1358219083841,1,1,566,12.246110462235315,3.1024734982332154,0.43286219081272087,-0.5125814209625128,0.7014134275618374,0.11837455830388692,0.18021201413427562
151,4,960.0527478972845,1,1,538,12.178142730938378,3.1356877323420074,0.4312267657992565,-0.46311821921421487,0.7063197026022305,0.11338289962825279,0.18029739776951673
152,1,917.5441356594238,0,0,319,11.266633407212417,3.0282131661442007,0.5109717868338558,-0.03323391442566083,0.7836990595611285,0.15987460815047022,0.05642633228840126
152,2,894.024016439579,0,0,313,11.317497790168014,2.984025559105431,0.48562300319488816,-0.05229885033811731,0.7827476038338658,0.15654952076677317,0.06070287539936102
152,3,948.3219125044096,0,1,324,11.518765339356523,3.0462962962962963,0.5,-0.06089246306572121,0.7870370370370371,0.1574074074074074,0.05555555555555555
152,4,1186.1810831591547,0,1,327,11.748657116360356,3.0611620795107033,0.4954128440366973,-0.08189940306673635,0.7889908256880734,0.16819571865443425,0.04281345565749235
153,1,655.1424795184093,0,0,179,11.763301006476988,3.005586592178771,0.5195530726256983,0.07336112287279983,0.41899441340782123,0.3575418994413408,0.22346368715083798
153,2,942.136647713303,0,0,183,11.516086835366004,2.9453551912568305,0.4972677595628415,0.10043326385754402,0.3989071038251366,0.3551912568306011,0.2459016393442623
153,3,1001.146135073912,0,1,182,11.436573611744091,2.9175824175824174,0.5,0.08652232791651807,0.37362637362637363,0.37362637362637363,0.25274725274725274
153,4,1143.0528403820788,0,1,169,11.29175723907319,2.9822485207100593,0.5207100591715976,0.08243637294775043,0.3905325443786982,0.3668639053254438,0.24260355029585798
154,1,748.6951418259277,0,0,427,11.444725593807858,3.063231850117096,0.5245901639344263,-0.16992158352490652,0.7377049180327869,0.18501170960187355,0.07728337236533958
154,2,950.74454297606,0,0,434,11.341671333531334,3.011520737327189,0.5345622119815668,-0.13606946621536048,0.7396313364055299,0.18202764976958524,0.07834101382488479
154,3,1068.563401643245,0,1,434,11.591832668772973,3.0276497695852536,0.5230414746543779,-0.15772575979982337,0.7419354838709677,0.18202764976958524,0.07603686635944701
154,4,1281.6544458973078,0,1,423,11.548092807073035,3.0141843971631204,0.5342789598108747,-0.15240371894708415,0.7328605200945626,0.18912529550827423,0.07801418439716312
155,1,1002.4085706597169,1,0,549,11.229194139087753,2.9744990892531877,0.6357012750455373,0.4258746292084184,0.8105646630236795,0.1366120218579235,0.052823315118397086
155,2,1326.6790024419668,1,0,592,11.276412816433444,3.0050675675675675,0.6131756756756757,0.3618977733017402,0.8158783783783784,0.1266891891891892,0.057432432432432436
155,3,1765.3530989846224,1,1,586,11.287638745175467,3.015358361774744,0.5989761092150171,0.27968983895277627,0.8225255972696246,0.11774744027303755,0.059726962457337884
155,4,1803.5963216707376,1,1,574,11.364866356671108,3.0209059233449476,0.5836236933797909,0.1820089178370409,0.8275261324041812,0.12020905923344948,0.05226480836236934
156,1,721.6224180268924,0,0,410,11.681336620693674,3.026829268292683,0.4634146341463415,-0.2053283556026237,0.8,0.16829268292682928,0.03170731707317073
156,2,786.0046888548956,0,0,393,11.625229621352267,3,0.4631043256997455,-0.1643074047251293,0.7964376590330788,0.16539440203562342,0.03816793893129771
156,3,939.9605914148962,0,1,410,11.598459949772082,3.051219512195122,0.4878048780487805,-0.14004959617680696,0.7731707317073171,0.18048780487804877,0.046341463414634146
156,4,993.7762624264791,0,1,409,11.776238348496019,3.041564792176039,0.4889975550122249,-0.11181058487471149,0.7677261613691931,0.18581907090464547,0.04645476772616137
157,1,979.6532715692243,0,0,675,11.011785516809127,2.9244444444444446,0.5807407407407408,0.37438228331863344,0.8311111111111111,0.12148148148148148,0.047407407407407405
157,2,1294.3746895879056,0,0,676,11.198888110574348,2.9245562130177514,0.5784023668639053,0.35309305671222896,0.8298816568047337,0.1242603550295858,0.04585798816568047
157,3,1559.6931516808365,0,1,689,11.077131123761975,2.9390420899854863,0.5761973875181422,0.33490470370660363,0.8316400580551524,0.11901306240928883,0.04934687953555878
157,4,1588.765475210066,0,1,704,11.107614803700868,2.9900568181818183,0.5752840909090909,0.28467727899773515,0.8267045454545454,0.11789772727272728,0.05539772727272727
158,1,926.3698633191738,1,0,124,10.845163153913562,2.7661290322580645,0.5645161290322581,0.09266224411958557,0.6370967741935484,0.20967741935483872,0.1532258064516129
158,2,1379.9464131023694,1,0,143,10.935540551086678,2.7902097902097904,0.5944055944055944,0.08643290465962584,0.6433566433566433,0.1888111888111888,0.16783216783216784
158,3,1092.803745520372,1,1,139,10.86740788283186,2.8345323741007196,0.5755395683453237,0.09302577902388111,0.6330935251798561,0.19424460431654678,0.17266187050359713
158,4,1203.4223197703554,1,1,146,11.12359182563475,2.856164383561644,0.5753424657534246,-0.0016563532359427252,0.6506849315068494,0.18493150684931506,0.1643835616438356
159,1,895.1208735191844,0,0,362,11.307659286377985,2.9917127071823204,0.6215469613259669,0.24282849937597534,0.7237569060773481,0.1685082872928177,0.10773480662983426
159,2,1115.0487528456372,0,0,352,11.289528237858521,2.9801136363636362,0.6136363636363636,0.23140197646580554,0.7159090909090909,0.16477272727272727,0.11931818181818182
159,3,1550.3059717921867,0,1,352,11.231013776805339,2.934659090909091,0.5994318181818182,0.21156678029639978,0.7159090909090909,0.17329545454545456,0.11079545454545454
159,4,1284.6831723301882,0,1,334,11.36804875670014,2.910179640718563,0.6017964071856288,0.20546516575234872,0.7215568862275449,0.17664670658682635,0.10179640718562874
160,1,968.9263243274099,1,0,454,11.332949898090686,3.063876651982379,0.5969162995594713,0.2875434457999166,0.724669603524229,0.21365638766519823,0.06167400881057269
160,2,1236.5093135412258,1,0,467,11.514574850948188,3.06423982869379,0.576017130620985,0.21998146448916941,0.734475374732334,0.2012847965738758,0.06423982869379015
160,3,1256.2256558411852,1,1,455,11.54036287418861,3.057142857142857,0.5868131868131868,0.20456102701424983,0.7164835164835165,0.210989010989011,0.07252747252747253
160,4,1470.6495737184307,1,1,458,11.64487782718962,3.006550218340611,0.6004366812227074,0.24215686812971188,0.7248908296943232,0.2096069868995633,0.06550218340611354
161,1,661.7481869625818,0,0,798,11.809255117250478,3.0350877192982457,0.4899749373433584,-0.2869217434979432,0.4974937343358396,0.32456140350877194,0.17794486215538846
161,2,929.6685738953246,0,0,771,11.77162522270754,3.0492866407263293,0.5045395590142672,-0.23787103296422737,0.49416342412451364,0.3229571984435798,0.1828793774319066
161,3,997.5240233169189,0,1,809,11.725203973675283,3.0482076637824473,0.49814585908529047,-0.24036996969808,0.5043263288009888,0.3065512978986403,0.18912237330037082
161,4,1107.903906406568,0,1,841,11.731484169983817,3.080856123662307,0.5112960760998811,-0.1761968210523118,0.5196195005945303,0.28894173602853745,0.19143876337693222
162,1,1043.5042989865456,1,0,186,11.013022211133153,2.817204301075269,0.510752688172043,0.3963316052706095,0.6290322580645161,0.1774193548387097,0.1935483870967742
162,2,1082.1527110139693,1,0,216,11.047331530910599,2.7037037037037037,0.5185185185185185,0.2448043905916671,0.6620370370370371,0.16203703703703703,0.17592592592592593
162,3,1207.4810666807437,1,1,239,11.344354564279246,2.7364016736401675,0.5313807531380753,0.1790518269791124,0.6778242677824268,0.1589958158995816,0.16317991631799164
162,4,1261.3493628588656,1,1,245,11.704494234203123,2.7551020408163267,0.49795918367346936,0.028683365358629507,0.7020408163265306,0.1510204081632653,0.1469387755102041
163,1,980.6315834985036,0,0,340,10.967603058681199,3.135294117647059,0.5941176470588235,0.1772067157404985,0.5588235294117647,0.20294117647058824,0.23823529411764705
163,2,1332.7485181305474,0,0,332,10.842277883888105,3.1234939759036147,0.6054216867469879,0.1628060223359282,0.5572289156626506,0.21084337349397592,0.2319277108433735
163,3,1420.3600189563238,0,1,343,10.97972235281115,3.128279883381924,0.597667638483965,0.11151521573568066,0.577259475218659,0.20699708454810495,0.21574344023323616
163,4,1411.1761082406388,0,1,364,10.89243448734991,3.173076923076923,0.5879120879120879,0.12808178655717778,0.5714285714285714,0.2032967032967033,0.22527472527472528
164,1,847.1234981688336,0,0,1142,11.16626744690844,2.945709281961471,0.5595446584938704,0.13817459491005046,0.46409807355516636,0.39404553415061294,0.14185639229422067
164,2,910.3327683349111,0,0,1153,11.239616238883842,2.955767562879445,0.5559410234171726,0.07563898240921997,0.45793581960104074,0.404163052905464,0.13790112749349523
164,3,1056.207927036616,0,1,1137,11.222029563623776,2.9621811785400176,0.5628847845206685,0.06391035577992019,0.45646437994722955,0.4019349164467898,0.14160070360598065
164,4,1368.3155905717545,0,1,1134,11.250748927636865,2.9620811287477955,0.5634920634920635,0.032961661005968076,0.4541446208112875,0.40299823633156967,0.14285714285714285
165,1,576.610914874911,1,0,232,11.212237045884674,2.9094827586206895,0.40086206896551724,-0.36683701038891164,0.5818965517241379,0.23706896551724138,0.1810344827586207
165,2,695.2325449766344,1,0,244,11.225663074033204,2.872950819672131,0.42213114754098363,-0.27363680250329947,0.5655737704918032,0.2581967213114754,0.1762295081967213
165,3,836.1644134906768,1,1,234,11.349760172303629,2.8333333333333335,0.4444444444444444,-0.281911426396865,0.5470085470085471,0.2692307692307692,0.18376068376068377
165,4,981.4581654782289,1,1,219,11.396440989657219,2.835616438356164,0.4292237442922374,-0.2918572797467665,0.5662100456621004,0.2465753424657534,0.1872146118721461
166,1,743.1301242336026,1,0,353,12.144568459864775,3.0169971671388103,0.5014164305949008,-0.3592242354397252,0.8243626062322946,0.10198300283286119,0.07365439093484419
166,2,919.0983952287454,1,0,367,12.106928216237534,3.035422343324251,0.49318801089918257,-0.3209631285145981,0.8201634877384196,0.10626702997275204,0.07356948228882834
166,3,1162.7453986048972,1,1,364,12.203353748309985,2.9395604395604398,0.49725274725274726,-0.29169333710913076,0.8269230769230769,0.10714285714285714,0.06593406593406594
166,4,1234.1285511496906,1,1,353,12.163444770171077,2.9688385269121813,0.49575070821529743,-0.294815678051978,0.8130311614730878,0.11898016997167139,0.0679886685552408
167,1,772.8831997500001,0,0,417,11.296119409410965,3.1223021582733814,0.5227817745803357,0.021759088833220204,0.7458033573141487,0.17266187050359713,0.0815347721822542
167,2,948.1984188850415,0,0,471,11.238077567690716,3.082802547770701,0.5180467091295117,0.0021472132270725537,0.7473460721868365,0.1762208067940552,0.07643312101910828
167,3,1310.9380770402913,0,1,442,11.165454855520364,3.0520361990950224,0.5203619909502263,0.010636174060304739,0.753393665158371,0.17420814479638008,0.07239819004524888
167,4,1040.4141766855337,0,1,424,11.042655201918384,3.0235849056603774,0.5212264150943396,-0.005655966722832869,0.7311320754716981,0.18160377358490565,0.08726415094339622
168,1,911.8922157444661,0,0,385,11.479675360202954,2.994805194805195,0.5064935064935064,-0.23985467508871022,0.509090909090909,0.2675324675324675,0.22337662337662337
168,2,875.4334183905916,0,0,387,11.57114366049888,2.987080103359173,0.4883720930232558,-0.33464757904285425,0.5219638242894057,0.26098191214470284,0.21705426356589147
168,3,809.2301288235707,0,1,368,11.42528722729287,2.9347826086956523,0.5054347826086957,-0.27864118657257675,0.5054347826086957,0.27445652173913043,0.22010869565217392
168,4,1054.6071056947671,0,1,369,11.33060001272789,2.937669376693767,0.5013550135501355,-0.2183549976731044,0.5067750677506775,0.2791327913279133,0.2140921409214092
169,1,628.3346844052413,0,0,1542,12.573602938529842,2.996757457846952,0.3787289234760052,-0.8621378048990936,0.7431906614785992,0.17509727626459143,0.08171206225680934
169,2,604.6112582214763,0,0,1467,12.534883744562894,2.9870483980913427,0.39809134287661896,-0.8004992032116663,0.7443762781186094,0.17723244717109748,0.07839127471029311
169,3,745.9856534979647,0,1,1423,12.544735388845405,2.9845397048489106,0.39845397048489106,-0.7526515310835931,0.735769501054111,0.1791988756148981,0.08503162333099086
169,4,785.1558863464799,0,1,1355,12.55844167816803,2.98450184501845,0.3985239852398524,-0.726648883570688,0.7416974169741697,0.16900369003690036,0.08929889298892989
170,1,770.8004787688412,0,0,1200,11.516162693766084,2.945,0.5166666666666667,-0.05144113964627317,0.8616666666666667,0.105,0.03333333333333333
170,2,978.5047298677482,0,0,1187,11.46196770096742,2.919966301600674,0.5130581297388374,-0.0566256984956006,0.8643639427127211,0.10025273799494525,0.03538331929233361
170,3,1065.8936457985837,0,1,1195,11.500905663759248,2.9322175732217572,0.5054393305439331,-0.07840012421126603,0.8610878661087866,0.10125523012552301,0.03765690376569038
170,4,1187.3800848742849,0,1,1259,11.455838934029414,2.8999205718824466,0.528196981731533,0.007347800179776986,0.8649722001588562,0.10166799046862589,0.03335980937251787
171,1,796.6078093631987,0,0,1373,11.782318437780246,3.0335032774945376,0.4865258557902403,-0.1210247527615324,0.7487254187909687,0.15804806991988346,0.09322651128914786
171,2,916.3636810054809,0,0,1326,11.820826682690155,2.986425339366516,0.4917043740573152,-0.11640972642282582,0.7503770739064857,0.1583710407239819,0.09125188536953242
171,3,910.7192073721822,0,1,1659,11.625099314221236,3.0090415913200723,0.5256178420735382,-0.003139768307402436,0.7383966244725738,0.15973477998794455,0.10186859553948162
171,4,1099.6372335340245,0,1,1616,11.636139693313213,3.0191831683168315,0.5198019801980198,-0.009674464004419603,0.7370049504950495,0.16274752475247525,0.10024752475247525
172,1,925.6491649850428,1,0,213,10.794418757008364,2.9577464788732395,0.5492957746478874,0.2834613076904919,0.6948356807511737,0.24413145539906103,0.06103286384976526
172,2,1327.0564180079573,1,0,215,10.92183899344628,2.944186046511628,0.5534883720930233,0.26992152528208685,0.6930232558139535,0.23255813953488372,0.07441860465116279
172,3,1283.7249981747377,1,1,195,10.910482055129094,2.9076923076923076,0.558974358974359,0.2911227396859198,0.6974358974358974,0.22564102564102564,0.07692307692307693
172,4,1389.493721697896,1,1,193,11.09722681159496,2.8963730569948187,0.56476683937823835,0.167146428997132,0.6839378238341969,0.21761658031088082,0.09844559585492228
173,1,830.3713562427503,0,0,950,11.216248280536313,2.9694736842105263,0.5810526315789474,0.31789681583740353,0.6915789473684211,0.2305263157894737,0.07789473684210527
173,2,1128.2716615862796,0,0,989,11.29485834948056,2.981799797775531,0.5621840242669363,0.20904566211899933,0.6895854398382204,0.2275025278058645,0.08291203235591507
173,3,1163.7297015082452,0,1,954,11.310334756682657,2.960167714884696,0.5639412997903563,0.2179146188382778,0.6886792452830188,0.23375262054507337,0.07756813417190776
173,4,1327.2781634112098,0,1,1131,11.460840772122133,2.984969053934571,0.5384615384615384,0.09713902700203245,0.6852343059239611,0.2369584438549956,0.07780725022104333
174,1,1041.1766457718036,0,0,123,12.355325920578313,3.008130081300813,0.5528455284552846,0.2786950880329472,0.7073170731707317,0.18699186991869918,0.10569105691056911
174,2,921.6076988370149,0,0,114,12.497889176780763,2.9298245614035086,0.5263157894736842,0.21616644004688498,0.7105263157894737,0.19298245614035087,0.09649122807017543
174,3,1154.7380864355612,0,1,112,12.25901936799414,2.9107142857142856,0.5178571428571429,0.18660930819313645,0.6875,0.19642857142857142,0.11607142857142858
174,4,1659.2102911891948,0,1,128,12.411727525638089,2.8984375,0.5546875,0.1552399091230231,0.7109375,0.1796875,0.109375
175,1,870.2474917916627,1,0,632,11.202906451191097,2.973101265822785,0.6170886075949367,0.37726888889953203,0.8259493670886076,0.11867088607594936,0.055379746835443035
175,2,1275.1032213637818,1,0,635,11.196121725421058,3.031496062992126,0.6015748031496063,0.3212458439202307,0.8173228346456692,0.12440944881889764,0.05826771653543307
175,3,1372.2531881708237,1,1,628,11.320909291440486,3.0445859872611467,0.5923566878980892,0.27610162604012295,0.8152866242038217,0.12579617834394904,0.0589171974522293
175,4,1848.401313472584,1,1,599,11.413810370629522,3.040066777963272,0.5826377295492488,0.18713767423980723,0.8280467445742905,0.11352253756260434,0.05843071786310518
176,1,797.8303268367943,0,0,131,10.762041309226495,3.0610687022900764,0.6335877862595419,0.21948105850961833,0.8244274809160306,0.0916030534351145,0.08396946564885496
176,2,1021.9668771794238,0,0,133,11.050994154412448,3.075187969924812,0.6165413533834586,0.2443214309208542,0.8270676691729323,0.09022556390977443,0.08270676691729323
176,3,1663.1051729779665,0,1,166,11.298510880941196,2.9939759036144578,0.5963855421686747,0.15336944460936505,0.8253012048192772,0.10843373493975904,0.06626506024096386
176,4,1142.7340215523586,0,1,195,11.463519977864921,3.0256410256410255,0.5743589743589743,-0.0398446571731092,0.8153846153846154,0.12307692307692308,0.06153846153846154
177,1,909.6476943205889,1,0,1540,10.80455267921136,2.9714285714285715,0.6461038961038961,0.5211193564127122,0.8181818181818182,0.09935064935064936,0.08246753246753247
177,2,1337.086288855108,1,0,1487,10.858846368247281,2.9784801613987897,0.6503026227303296,0.5223850533110381,0.8177538668459986,0.09952925353059852,0.08271687962340282
177,3,1365.2464998618382,1,1,1498,10.9995126071001,2.9619492656875837,0.6395193591455274,0.4077319202704352,0.8204272363150867,0.09746328437917223,0.08210947930574099
177,4,1612.2650111466257,1,1,1487,11.031804715462806,2.933422999327505,0.632817753866846,0.3519076422940316,0.8258238063214526,0.09549428379287156,0.07868190988567586
178,1,807.6175338993685,1,0,776,11.62531382184476,2.970360824742268,0.5115979381443299,-0.15362786173299411,0.8788659793814433,0.06701030927835051,0.05412371134020619
178,2,955.5615887712556,1,0,759,11.72925400669007,2.978919631093544,0.5177865612648221,-0.12769173196341255,0.8761528326745718,0.06719367588932806,0.05665349143610013
178,3,1136.2316388889749,1,1,701,11.743119219076103,2.9728958630527815,0.5263908701854494,-0.11955707563663315,0.8801711840228246,0.06847360912981455,0.05135520684736091
178,4,1249.9927385434103,1,1,721,11.895068078408833,2.970873786407767,0.5187239944521498,-0.1804113030285224,0.8807212205270458,0.06796116504854369,0.05131761442441054
179,1,813.1682759897432,0,0,205,10.735662901242279,2.902439024390244,0.5317073170731708,0.19049234954455269,0.5170731707317073,0.34146341463414637,0.14146341463414633
179,2,927.7009725807916,0,0,202,10.77750662513583,2.792079207920792,0.5247524752475248,0.1586603348651071,0.5346534653465347,0.3217821782178218,0.14356435643564355
179,3,1091.8972407241135,0,1,213,10.90806092609082,2.816901408450704,0.5258215962441315,0.11662311980693339,0.539906103286385,0.3192488262910798,0.14084507042253522
179,4,1253.6178054569532,0,1,198,10.974622605795764,2.7222222222222223,0.5252525252525253,0.11185394941059779,0.5303030303030303,0.3181818181818182,0.15151515151515152
180,1,944.1016480905771,0,0,416,10.693014489576651,2.9663461538461537,0.5865384615384616,0.21925438591235288,0.7644230769230769,0.1658653846153846,0.06971153846153846
180,2,1073.049448754389,0,0,414,10.712221888778299,2.963768115942029,0.572463768115942,0.21148938543955148,0.7608695652173914,0.16908212560386474,0.07004830917874397
180,3,1217.9035601887915,0,1,400,10.765598854718624,2.925,0.5575,0.15965959770538557,0.765,0.165,0.07
180,4,1384.982748766727,0,1,378,10.881007918252976,2.933862433862434,0.5582010582010583,0.1424449831989311,0.7513227513227513,0.16666666666666666,0.082010582010582
181,1,819.031879112476,0,0,325,11.740142233295,2.9353846153846153,0.5230769230769231,-0.009089018352644654,0.8184615384615385,0.15384615384615385,0.027692307692307693
181,2,1248.0873571427285,0,0,328,11.906346354989465,3.0304878048780486,0.5060975609756098,0.02571260480664239,0.8048780487804879,0.16463414634146342,0.03048780487804878
181,3,1243.0727002600831,0,1,316,11.878053183005003,3.0316455696202533,0.5063291139240507,0.009162155185061593,0.8164556962025317,0.1518987341772152,0.03164556962025317
181,4,1238.9236116076313,0,1,311,11.847889038654092,3.032154340836013,0.5048231511254019,-0.07387999218108023,0.8231511254019293,0.14469453376205788,0.03215434083601286
182,1,836.1013594976346,1,0,292,11.747431112946547,3.1678082191780823,0.5993150684931506,0.31501008030526956,0.863013698630137,0.07191780821917808,0.06506849315068493
182,2,1187.212808044752,1,0,279,11.608100704118758,3.139784946236559,0.5949820788530465,0.281473040778199,0.8494623655913979,0.08243727598566308,0.06810035842293907
182,3,1348.6630947561628,1,1,268,11.712359188979459,3.123134328358209,0.5783582089552238,0.2811797410585642,0.8544776119402985,0.07462686567164178,0.0708955223880597
182,4,1484.4511173050407,1,1,273,11.983224996274624,3.1684981684981683,0.5494505494505495,0.15832920320097155,0.8461538461538461,0.09523809523809523,0.05860805860805861
183,1,921.6129097970979,0,0,892,11.17997489260058,3.071748878923767,0.6076233183856502,0.26756352100576336,0.8217488789237668,0.14573991031390135,0.032511210762331835
183,2,1086.0768883905896,0,0,886,11.23880119660651,3.0756207674943568,0.600451467268623,0.26054170162490564,0.8171557562076749,0.14785553047404063,0.034988713318284424
183,3,1236.3247428167722,0,1,940,11.332686553244859,3.054255319148936,0.5840425531914893,0.22080913766044202,0.8223404255319149,0.14468085106382977,0.03297872340425532
183,4,1571.0047051659208,0,1,889,11.329021147982655,3.0089988751406076,0.5658042744656918,0.21447503848702518,0.8267716535433071,0.14510686164229472,0.0281214848143982
184,1,958.9658788761327,0,0,199,11.268680792051937,2.869346733668342,0.47738693467336685,0.10067906301768657,0.46733668341708545,0.24120603015075376,0.2914572864321608
184,2,1037.3313377095844,0,0,206,11.572004397230895,2.878640776699029,0.45145631067961167,0.007677060946382689,0.470873786407767,0.24757281553398058,0.2815533980582524
184,3,1411.8213352279106,0,1,230,11.690913897345983,2.917391304347826,0.49130434782608695,0.06787991163510457,0.4782608695652174,0.24782608695652175,0.27391304347826084
184,4,1476.767512710824,0,1,217,11.584757975363594,2.8617511520737327,0.5207373271889401,0.07719346298782637,0.4976958525345622,0.23963133640552994,0.2626728110599078
185,1,846.4867882261727,0,0,774,11.284261658016563,2.9728682170542635,0.5930232558139535,0.2788727932969982,0.8359173126614987,0.13565891472868216,0.028423772609819122
185,2,1131.993895086889,0,0,785,11.26236345274696,2.964331210191083,0.6012738853503184,0.2844827495954858,0.8433121019108281,0.12611464968152866,0.030573248407643312
185,3,1373.370192061517,0,1,760,11.260418762721168,3.014473684210526,0.5815789473684211,0.23575715381636198,0.8394736842105263,0.12763157894736843,0.03289473684210526
185,4,1485.9498127953243,0,1,717,11.202213135574755,2.9790794979079496,0.5648535564853556,0.17268481625720894,0.8396094839609484,0.13110181311018132,0.029288702928870293
186,1,678.6534749100521,0,0,1253,11.826692533284858,2.9992019154030327,0.5107741420590582,-0.23939746746464452,0.6911412609736632,0.24581005586592178,0.06304868316041501
186,2,845.5534398044038,0,0,1209,11.760200351326652,2.9735318444995866,0.5095119933829612,-0.21322827534779357,0.696443341604632,0.24813895781637718,0.055417700578990904
186,3,966.9658701209381,0,1,1149,11.666149518810107,2.971279373368146,0.516100957354221,-0.17468837553069486,0.7049608355091384,0.23933855526544823,0.0557006092254134
186,4,1019.0329046449988,0,1,1108,11.601815038213191,2.9864620938628157,0.5207581227436823,-0.16270480862909287,0.7003610108303249,0.24458483754512636,0.055054151624548735
187,1,720.8359195823576,1,0,1662,11.920029284131822,2.9783393501805056,0.5102286401925391,-0.23509051387602922,0.7539109506618532,0.17208182912154033,0.0740072202166065
187,2,872.5383170240563,1,0,1616,11.959593491504954,2.9467821782178216,0.5086633663366337,-0.24868882962535008,0.7592821782178217,0.1676980198019802,0.07301980198019802
187,3,1069.0527146262916,1,1,1587,11.972058384041162,2.953371140516698,0.5078764965343415,-0.24036069690105735,0.7655954631379962,0.1638311279143037,0.07057340894770006
187,4,1292.3093002263035,1,1,1532,11.933248248537293,2.9634464751958225,0.5182767624020888,-0.21056356196121412,0.7571801566579635,0.17232375979112272,0.07049608355091384
188,1,604.0365030998064,0,0,326,11.867250676826897,2.9478527607361964,0.4171779141104294,-0.5476731703569623,0.8588957055214724,0.1196319018404908,0.02147239263803681
188,2,664.4023203464288,0,0,309,11.5401887616113,3.0258899676375406,0.42718446601941745,-0.448287206220945,0.8478964401294499,0.12944983818770225,0.022653721682847898
188,3,858.3819215366696,0,1,328,11.487370804066602,3.0365853658536586,0.4573170731707317,-0.37627574232641803,0.8323170731707317,0.14939024390243902,0.018292682926829267
188,4,879.5131420202993,0,1,339,11.565335637555757,3.03834808259587,0.471976401179941,-0.3990612565625186,0.8348082595870207,0.14749262536873156,0.017699115044247787
189,1,1007.9703574537965,0,0,352,10.94500611136827,3.1136363636363638,0.6392045454545454,0.46001532718754645,0.71875,0.22727272727272727,0.05397727272727273
189,2,1588.4937011431196,0,0,366,10.977003614363863,3.112021857923497,0.6092896174863388,0.3704387252909348,0.7185792349726776,0.23224043715846995,0.04918032786885246
189,3,1191.0619688942397,0,1,364,11.014431000522668,3.0604395604395602,0.5796703296703297,0.27194145108253837,0.7197802197802198,0.23351648351648352,0.046703296703296704
189,4,1363.874896719431,0,1,392,11.367697907680993,3.0306122448979593,0.5612244897959183,0.12792369901374331,0.7346938775510204,0.20918367346938777,0.05612244897959184
190,1,723.560919397058,0,0,737,11.829575996192716,3.0189959294436908,0.45861601085481685,-0.22805267372460347,0.5101763907734057,0.2903663500678426,0.1994572591587517
190,2,815.6997778204644,0,0,729,11.874979708928578,3.02880658436214,0.4787379972565158,-0.20209902297172977,0.5102880658436214,0.29492455418381347,0.19478737997256515
190,3,916.9944489060407,0,1,835,11.800691108254709,3.1005988023952096,0.5065868263473053,-0.13570142655250506,0.5089820359281437,0.2874251497005988,0.20359281437125748
190,4,1079.507094645217,0,1,793,11.790690592715185,3.102143757881463,0.5031525851197982,-0.14154069412435902,0.5157629255989912,0.28247162673392184,0.201765447667087
191,1,1022.9579815390605,0,0,307,10.745929708519606,3.042345276872964,0.5602605863192183,0.3308438513231234,0.7947882736156352,0.1498371335504886,0.05537459283387622
191,2,1466.7447198755897,0,0,364,11.095127077126948,3.0467032967032965,0.554945054945055,0.21538124109820858,0.8076923076923077,0.1346153846153846,0.057692307692307696
191,3,1312.7116881215902,0,1,361,11.09193089236901,3.0498614958448753,0.5401662049861495,0.14248171765267037,0.8033240997229917,0.13850415512465375,0.05817174515235457
191,4,1499.056834425196,0,1,361,11.132512612811961,3.0498614958448753,0.5484764542936288,0.10875948912004044,0.8033240997229917,0.1329639889196676,0.06371191135734072
192,1,822.5419629331099,1,0,284,11.438764157409302,3.102112676056338,0.4647887323943662,-0.29112184692863996,0.6971830985915493,0.21830985915492956,0.08450704225352113
192,2,872.3690758394097,1,0,304,11.384996916058485,3.1217105263157894,0.4934210526315789,-0.25014358559833105,0.7006578947368421,0.2138157894736842,0.08552631578947369
192,3,868.9691680281462,1,1,327,11.236296995686354,3.09480122324159,0.5076452599388379,-0.20535572951092618,0.6850152905198776,0.2324159021406728,0.08256880733944955
192,4,1300.1265504238752,1,1,320,11.127337995590834,3.021875,0.503125,-0.15833419852433925,0.696875,0.215625,0.0875
193,1,1160.1115503657736,1,0,679,11.308119218418323,3.03240058910162,0.5773195876288659,0.2979069226495265,0.4374079528718704,0.30633284241531666,0.25625920471281294
193,2,1204.849141418422,1,0,663,11.23120402082403,3.092006033182504,0.5671191553544495,0.2743813032779408,0.43891402714932126,0.31825037707390647,0.24283559577677225
193,3,1341.902567032535,1,1,670,11.350373226809706,3.0701492537313433,0.5552238805970149,0.17383132538720228,0.42686567164179107,0.3208955223880597,0.25223880597014925
193,4,1542.7805634979993,1,1,643,11.423952011325062,3.037325038880249,0.552099533437014,0.1652652770955946,0.4447900466562986,0.30171073094867806,0.2534992223950233
194,1,916.5194673373798,1,0,1250,11.1784571715549,3.0064,0.5712,0.24209182485470396,0.7376,0.1576,0.1048
194,2,1159.7424641911125,1,0,1291,11.210532711964616,2.9992254066615027,0.5608055770720372,0.1831400356223467,0.737412858249419,0.15724244771494966,0.10534469403563129
194,3,1297.788357942645,1,1,1262,11.311841151572182,3.037242472266244,0.5499207606973059,0.1377846705093576,0.7408874801901744,0.1576862123613312,0.10142630744849446
194,4,1369.0807477279404,1,1,1229,11.319946154229921,3.044751830756713,0.5541090317331163,0.13431727608115157,0.7461350691619203,0.1562245728234337,0.09764035801464606
195,1,938.3896077487765,1,0,953,11.345271698625462,2.9643231899265476,0.540398740818468,0.11328230791658621,0.5886673662119623,0.24239244491080797,0.1689401888772298
195,2,1157.51558000498,1,0,946,11.349769150763922,2.948202959830867,0.5412262156448203,0.1215159359101321,0.5824524312896406,0.24207188160676532,0.17547568710359407
195,3,1315.3977937401353,1,1,890,11.305943743245491,2.952808988764045,0.5337078651685393,0.1177219012950749,0.5831460674157304,0.2449438202247191,0.17191011235955056
195,4,1393.6218678212992,1,1,878,11.31979973835919,2.9521640091116175,0.5398633257403189,0.11893591601727334,0.5820045558086561,0.24145785876993167,0.1765375854214123
196,1,578.9227738724401,0,0,300,11.549399413406112,3.09,0.48333333333333334,0.046202275616384535,0.85,0.08666666666666667,0.06333333333333334
196,2,1012.962367952452,0,0,314,11.54303226545461,3.0955414012738856,0.49363057324840764,0.048613986680274654,0.8503184713375797,0.07961783439490445,0.07006369426751592
196,3,1162.1192923913115,0,1,326,11.438992981326495,3.0736196319018405,0.48773006134969327,0.025372729861440572,0.852760736196319,0.07668711656441718,0.0705521472392638
196,4,1228.5172518164272,0,1,317,11.600852503898688,3.0410094637223977,0.48264984227129337,0.027319900469472223,0.8454258675078864,0.07570977917981073,0.07886435331230283
197,1,634.641505359711,0,0,151,11.716400547701161,3.3311258278145695,0.5298013245033113,-0.26656451361191774,0.5894039735099338,0.271523178807947,0.1390728476821192
197,2,1050.9322681457788,0,0,150,11.752747548232314,3.2733333333333334,0.52,-0.23158540844636358,0.58,0.25333333333333335,0.16666666666666666
197,3,1319.914900980657,0,1,159,11.824144581394245,3.30188679245283,0.5031446540880503,-0.2473824260877731,0.5723270440251572,0.2641509433962264,0.16352201257861634
197,4,1210.9224128608998,0,1,175,11.704610278280052,3.217142857142857,0.52,-0.20865311229387645,0.5428571428571428,0.2857142857142857,0.17142857142857143
198,1,958.976947309005,1,0,561,10.95500139646972,3.085561497326203,0.6167557932263814,0.2742585654743633,0.6327985739750446,0.1657754010695187,0.2014260249554367
198,2,1095.4935135720596,1,0,628,11.107372950832024,3.1003184713375798,0.6098726114649682,0.21609392167264418,0.6353503184713376,0.160828025477707,0.20382165605095542
198,3,1360.1760574176765,1,1,602,11.210886020171356,3.1411960132890364,0.606312292358804,0.18891403666873655,0.6362126245847176,0.16279069767441862,0.2009966777408638
198,4,1345.3934052022594,1,1,579,11.233016408305613,3.1088082901554404,0.6010362694300518,0.20193114926233144,0.6390328151986183,0.16580310880829016,0.19516407599309155
199,1,1237.4870990418408,1,0,352,11.240575823522393,2.940340909090909,0.6761363636363636,0.5029915855545923,0.6789772727272727,0.1875,0.13352272727272727
199,2,1557.7824917836135,1,0,348,11.297957141708203,2.942528735632184,0.6494252873563219,0.38437500793144824,0.6752873563218391,0.1896551724137931,0.13505747126436782
199,3,1789.9435058288,1,1,322,11.461077277419017,2.906832298136646,0.6366459627329193,0.3618818076776579,0.6863354037267081,0.18322981366459629,0.13043478260869565
199,4,1938.1983136008676,1,1,320,11.475181341777791,2.928125,0.625,0.27356448319513216,0.68125,0.1875,0.13125
200,1,649.3194074010731,0,0,220,11.663653538992957,2.9363636363636365,0.4590909090909091,-0.2582222120543724,0.6409090909090909,0.16818181818181818,0.19090909090909092
200,2,728.155513013751,0,0,247,11.753406481440042,2.923076923076923,0.46153846153846156,-0.27422050336111126,0.6761133603238867,0.145748987854251,0.17813765182186234
200,3,876.3044651746718,0,1,348,11.667779718483802,2.9626436781609193,0.46839080459770116,-0.16736263264282739,0.6724137931034483,0.14367816091954022,0.1839080459770115
200,4,1005.490322485291,0,1,342,11.571806965855297,2.93859649122807,0.48830409356725146,-0.11963697700373575,0.6461988304093568,0.15789473684210525,0.195906432748538
201,1,916.999820985566,1,0,799,11.747795313701598,3.0087609511889863,0.5106382978723404,-0.010921154272515788,0.672090112640801,0.27784730913642053,0.05006257822277847
201,2,1041.7838206260842,1,0,772,11.639468496980543,3.0207253886010363,0.5181347150259067,0.001107364264579963,0.6800518134715026,0.27461139896373055,0.04533678756476684
201,3,1409.6749352243723,1,1,762,11.644792970647892,3.0078740157480315,0.5131233595800525,-0.006403457224003784,0.6824146981627297,0.2742782152230971,0.04330708661417323
201,4,1464.0781030634737,1,1,726,11.737619176244165,3.002754820936639,0.5068870523415978,-0.04514257867462379,0.6818181818181818,0.26859504132231404,0.049586776859504134
202,1,807.0001073953136,0,0,437,10.690981133074272,3.0617848970251718,0.5697940503432495,0.04209124703379253,0.7139588100686499,0.18306636155606407,0.10297482837528604
202,2,1069.709046276606,0,0,471,10.879833089079323,3.0191082802547773,0.5562632696390658,0.09869167504395053,0.7346072186836518,0.1613588110403397,0.1040339702760085
202,3,1172.4871460306476,0,1,459,10.839436619351956,3.019607843137255,0.55119825708061,0.0876452814082975,0.7233115468409586,0.16993464052287582,0.10675381263616558
202,4,1277.7375039768667,0,1,528,10.909285715052373,3.047348484848485,0.5416666666666666,0.06483718812015447,0.7386363636363636,0.17045454545454544,0.09090909090909091
203,1,741.4139570888572,0,0,359,11.500711644318745,2.988857938718663,0.5153203342618384,-0.05689688347792421,0.6852367688022284,0.2785515320334262,0.036211699164345405
203,2,1075.5186669502016,0,0,350,11.201050842089218,2.98,0.5171428571428571,-0.061340815819907246,0.6914285714285714,0.2742857142857143,0.03428571428571429
203,3,1192.1314188702859,0,1,378,11.555937353018878,2.9814814814814814,0.5,-0.19381958244059486,0.6772486772486772,0.2857142857142857,0.037037037037037035
203,4,1165.5426457886458,0,1,369,11.632243530163613,3.051490514905149,0.5067750677506775,-0.19239874624775177,0.6802168021680217,0.2845528455284553,0.03523035230352303
204,1,936.7127896827963,1,0,418,11.71363705541531,2.937799043062201,0.4784688995215311,-0.3156987750974872,0.8014354066985646,0.07894736842105263,0.11961722488038277
204,2,921.0541350811271,1,0,384,11.725167726824147,2.9505208333333335,0.4817708333333333,-0.30700916570950704,0.8072916666666666,0.08333333333333333,0.109375
204,3,1369.2644401411715,1,1,378,11.808860203738082,2.9761904761904763,0.47354497354497355,-0.29351492197175005,0.8095238095238095,0.0873015873015873,0.10317460317460317
204,4,1024.2883419421069,1,1,365,12.005978102528044,3.0027397260273974,0.4684931506849315,-0.35872611295404927,0.7917808219178082,0.09315068493150686,0.11506849315068493
205,1,819.6769285019681,1,0,385,11.13121410373521,2.877922077922078,0.6,0.34279149751824506,0.535064935064935,0.3142857142857143,0.15064935064935064
205,2,1053.700305898107,1,0,373,11.153134935946184,2.8337801608579087,0.6032171581769437,0.3192927437914151,0.5254691689008043,0.32171581769436997,0.15281501340482573
205,3,1425.6604325570727,1,1,370,11.299471160804028,2.843243243243243,0.5891891891891892,0.30803896136066905,0.5108108108108108,0.32432432432432434,0.16486486486486487
205,4,1208.8710333321278,1,1,455,11.786937590540536,2.8615384615384616,0.5296703296703297,-0.054730648670434263,0.5010989010989011,0.33406593406593404,0.16483516483516483
206,1,891.6829614655413,1,0,210,10.686061152259464,3.0047619047619047,0.5714285714285714,0.34410900016979046,0.7,0.22380952380952382,0.0761904761904762
206,2,1149.729984531758,1,0,217,10.721248218436346,2.9723502304147464,0.5806451612903226,0.30241891626624035,0.695852534562212,0.21658986175115208,0.08755760368663594
206,3,1640.7757466883468,1,1,205,10.8204021423271,3.0146341463414634,0.6,0.32541634059858193,0.7024390243902439,0.21951219512195122,0.07804878048780488
206,4,1687.8434610019096,1,1,214,10.755239425525298,2.985981308411215,0.6121495327102804,0.31158645808090035,0.6869158878504673,0.22897196261682243,0.08411214953271028
207,1,1070.548667357889,1,0,261,11.54613573053382,2.8735632183908044,0.5057471264367817,0.007204241670960511,0.5632183908045977,0.2222222222222222,0.21455938697318008
207,2,1071.9247773126117,1,0,289,11.514755416081819,2.8546712802768166,0.4844290657439446,-0.03674097911417269,0.5743944636678201,0.20761245674740483,0.2179930795847751
207,3,1176.6502260763011,1,1,273,11.633882208004207,2.8205128205128207,0.47985347985347987,-0.010531713563839154,0.5641025641025641,0.21611721611721613,0.21978021978021978
207,4,1398.171600245759,1,1,257,11.595279144132505,2.7976653696498053,0.4785992217898833,0.0015260441660858665,0.5758754863813229,0.19844357976653695,0.22568093385214008
208,1,506.3208264988838,0,0,259,11.78711347795982,3,0.40540540540540543,-0.3320631039064068,0.6254826254826255,0.2972972972972973,0.07722007722007722
208,2,839.9031209957681,0,0,271,11.556406509246537,2.974169741697417,0.4095940959409594,-0.28337944903153683,0.6236162361623616,0.2988929889298893,0.07749077490774908
208,3,981.6680988944777,0,1,262,11.497953278936786,2.9732824427480917,0.40076335877862596,-0.26566400184053746,0.5916030534351145,0.3282442748091603,0.08015267175572519
208,4,818.5545843069923,0,1,317,11.485051526255594,3.0757097791798107,0.42902208201892744,-0.2872451647864021,0.580441640378549,0.3501577287066246,0.0694006309148265
209,1,865.0021125307587,0,0,951,11.141468606462713,3.0441640378548898,0.5667718191377498,0.25453715586375125,0.7812828601472135,0.11146161934805468,0.10725552050473186
209,2,973.7067875057292,0,0,943,11.148122530528568,3.063626723223754,0.559915164369035,0.22012740653559526,0.7836691410392365,0.1071049840933192,0.10922587486744433
209,3,1402.0034763994734,0,1,914,11.070138941094601,3.0306345733041575,0.5645514223194749,0.24397828989858172,0.7724288840262582,0.11050328227571116,0.11706783369803063
209,4,1391.7082366653271,0,1,894,11.204190336846903,3.058165548098434,0.5536912751677853,0.22078804728171206,0.7718120805369127,0.11297539149888143,0.11521252796420582
210,1,861.3190304486985,1,0,243,10.85747538484155,2.9958847736625516,0.522633744855967,0.2065404825649628,0.831275720164609,0.09053497942386832,0.07818930041152264
210,2,1110.0403983631952,1,0,322,11.538781300130466,2.9968944099378882,0.4782608695652174,-0.1568469536833524,0.8416149068322981,0.09937888198757763,0.059006211180124224
210,3,1299.984356059207,1,1,303,11.578092359921378,2.99009900990099,0.5016501650165016,-0.18609642333296272,0.8283828382838284,0.10891089108910891,0.0627062706270627
210,4,1324.2797527209252,1,1,288,11.449217518150611,3.0104166666666665,0.5,-0.1616287624464941,0.8298611111111112,0.10069444444444445,0.06944444444444445
211,1,784.029619086469,0,0,445,11.652795497256665,3.0651685393258425,0.5865168539325842,0.18500727547457688,0.7707865168539326,0.16179775280898875,0.06741573033707865
211,2,857.7219013174213,0,0,458,11.760194915744469,3.052401746724891,0.5764192139737991,0.14424015905830198,0.7729257641921398,0.16593886462882096,0.0611353711790393
211,3,1073.9638171077331,0,1,489,11.67387027545835,3.098159509202454,0.5766871165644172,0.10207173391558873,0.787321063394683,0.1554192229038855,0.05725971370143149
211,4,1307.6483201043409,0,1,500,11.686875477497672,3.13,0.578,0.0879151845658713,0.78,0.154,0.066
212,1,1126.261257051372,0,0,200,12.112349980192779,3.03,0.49,-0.18563556596981878,0.765,0.12,0.115
212,2,789.3848090541127,0,0,201,11.90350935620217,3,0.5024875621890548,-0.17918709030534535,0.7711442786069652,0.10945273631840796,0.11940298507462686
212,3,897.4750039695239,0,1,191,11.94613946576743,2.994764397905759,0.5026178010471204,-0.1661021182807348,0.7696335078534031,0.11518324607329843,0.11518324607329843
212,4,954.0620555312563,0,1,178,12.04277398550113,3.050561797752809,0.48314606741573035,-0.22514183648956224,0.7696629213483146,0.1348314606741573,0.09550561797752809
213,1,883.0244966228131,1,0,64,11.553819328110222,3.046875,0.46875,0.1356590103404046,0.671875,0.296875,0.03125
213,2,1359.0207701720224,1,0,79,11.467484031788052,2.911392405063291,0.4936708860759494,-0.06675366215659141,0.7088607594936709,0.26582278481012656,0.02531645569620253
213,3,1628.7925131538268,1,1,87,11.386500600541819,2.954022988505747,0.5057471264367817,0.012691609036423402,0.6781609195402298,0.27586206896551724,0.04597701149425287
213,4,1292.2835824351105,1,1,96,11.89650051685282,2.9479166666666665,0.4791666666666667,-0.10910222444232695,0.6979166666666666,0.25,0.052083333333333336
214,1,1002.6319808992284,0,0,254,10.910687411527798,2.7125984251968505,0.5984251968503937,0.2756437147419029,0.7480314960629921,0.12992125984251968,0.1220472440944882
214,2,1248.8723708668163,0,0,246,10.789352523179193,2.66260162601626,0.5934959349593496,0.28924739585540366,0.7357723577235772,0.14227642276422764,0.12195121951219512
214,3,1297.1425787446697,0,1,285,11.003653865812492,2.7228070175438597,0.5508771929824562,0.1261826405285659,0.7543859649122807,0.14385964912280702,0.10175438596491228
214,4,1304.780617293105,0,1,260,10.967754217694381,2.669230769230769,0.5653846153846154,0.16511642839909113,0.7730769230769231,0.1423076923076923,0.08461538461538462
215,1,550.2148249728409,0,0,410,12.040869815928568,3,0.5414634146341464,0.024348082243393708,0.7219512195121951,0.22195121951219512,0.05609756097560976
215,2,986.3845980124129,0,0,415,12.040290575675481,2.980722891566265,0.5542168674698795,0.0011978883558725311,0.7156626506024096,0.20963855421686747,0.0746987951807229
215,3,1063.954679889157,0,1,394,12.10788040048452,2.984771573604061,0.5532994923857868,-0.03361849860592372,0.7106598984771574,0.2131979695431472,0.07614213197969544
215,4,1323.9063528968911,0,1,391,11.999787740215925,2.989769820971867,0.5319693094629157,-0.10947424005675742,0.7084398976982097,0.21739130434782608,0.0741687979539642
216,1,827.476590925763,0,0,699,11.258786583418358,3.072961373390558,0.5278969957081545,0.07438916549853233,0.6008583690987125,0.23319027181688126,0.1659513590844063
216,2,1013.0422832809382,0,0,741,11.440577181605947,3.097165991902834,0.5033738191632928,0.033698284358307996,0.5978407557354926,0.22941970310391363,0.17273954116059378
216,3,1191.7729618052977,0,1,717,11.369689529001326,3.097629009762901,0.5118549511854951,0.0663182841971748,0.5885634588563459,0.22873082287308227,0.18270571827057183
216,4,1251.391610750203,0,1,714,11.422696901252156,3.0910364145658265,0.5182072829131653,0.057041584195785554,0.5910364145658263,0.22969187675070027,0.1792717086834734
217,1,898.1489424113655,0,0,576,11.178765843893897,3.0746527777777777,0.6041666666666666,0.272569897860142,0.7170138888888888,0.24479166666666666,0.03819444444444445
217,2,992.5704756065394,0,0,610,11.388802314437118,3.0737704918032787,0.5770491803278689,0.18852743705347458,0.7081967213114754,0.24918032786885247,0.04262295081967213
217,3,1158.9209238015874,0,1,577,11.255942522212646,3.0849220103986137,0.5892547660311959,0.21491583721528423,0.707105719237435,0.24610051993067592,0.04679376083188908
217,4,1212.8985140623868,0,1,599,11.231803770618397,3.0968280467445743,0.5943238731218697,0.1669636979123777,0.6828046744574291,0.2654424040066778,0.05175292153589316
218,1,809.5616050718131,0,0,258,10.924355339413406,2.9689922480620154,0.5077519379844961,0.0051305272595937295,0.6472868217054264,0.2441860465116279,0.10852713178294573
218,2,914.4157543020591,0,0,268,10.878268835248939,2.8992537313432836,0.5261194029850746,0.007631662543177074,0.6268656716417911,0.2574626865671642,0.11567164179104478
218,3,1013.5597228049623,0,1,265,10.857387944904163,2.9358490566037734,0.5207547169811321,0.0052797805217993585,0.630188679245283,0.2528301886792453,0.1169811320754717
218,4,1072.9925457430236,0,1,285,11.099459772920294,2.9263157894736844,0.5263157894736842,-0.007615260325898119,0.6280701754385964,0.26666666666666666,0.10526315789473684
219,1,878.4786502898413,1,0,2284,11.82437976202777,2.990367775831874,0.5043782837127846,-0.14486418619191796,0.7513134851138353,0.15980735551663747,0.08887915936952714
219,2,1016.1538018241687,1,0,2314,11.794928690210739,2.9840103716508213,0.5030250648228176,-0.16301678708615866,0.7502160760587727,0.1603284356093345,0.08945548833189283
219,3,1150.3108609938158,1,1,2292,11.797741319939194,2.985602094240838,0.5047993019197208,-0.14434881861098955,0.7495636998254799,0.15881326352530542,0.09162303664921466
219,4,1358.2205177872506,1,1,2326,11.850090475571701,2.9883920894239036,0.5090283748925194,-0.15506117468655675,0.7463456577815993,0.1582115219260533,0.09544282029234738
220,1,984.2113287752435,1,0,2284,11.351288889022774,3.0665499124343256,0.5569176882661997,0.08577597259859494,0.7364273204903677,0.14667250437828372,0.11690017513134851
220,2,1247.8071300294068,1,0,2224,11.40528637948775,3.04136690647482,0.5575539568345323,0.08095122684549352,0.727068345323741,0.1533273381294964,0.1196043165467626
220,3,1460.7540243833369,1,1,2092,11.436342192429123,3.0344168260038242,0.54732313575525815,0.06532341639317024,0.734225621414914,0.15152963671128106,0.11424474187380497
220,4,1447.7456602720547,1,1,2162,11.567897984109237,3.0407030527289547,0.528677150786309,0.01929796025352756,0.7345050878815911,0.14662349676225717,0.11887141535615171
221,1,742.0336482990574,0,0,982,11.7682137571996,3.016293279022403,0.4979633401221996,-0.14759176537202456,0.6822810590631364,0.21486761710794297,0.10285132382892057
221,2,872.3447918783514,0,0,971,11.802920469437124,3.018537590113285,0.5015447991761071,-0.15419273904370184,0.6889804325437693,0.21421215242018538,0.09680741503604531
221,3,1021.7971150472207,0,1,967,11.783584185001239,3.015511892450879,0.5118924508790073,-0.1099931857106157,0.6938986556359876,0.21509824198552224,0.09100310237849017
221,4,1170.8260807775896,0,1,993,11.667204211510576,2.983887210473313,0.5085599194360524,-0.11445450579565383,0.6938569989929506,0.21450151057401812,0.09164149043303121
222,1,701.8733194199025,0,0,123,11.927609248008613,2.772357723577236,0.6178861788617886,0.08002060282393975,0.5772357723577236,0.2682926829268293,0.15447154471544716
222,2,1080.8570438604313,0,0,124,12.02707777830824,2.870967741935484,0.5887096774193549,0.05729029793162952,0.5645161290322581,0.27419354838709675,0.16129032258064516
222,3,1434.9821460030928,0,1,111,12.423057764160234,2.918918918918919,0.5765765765765766,-0.09186498535955852,0.5315315315315315,0.3063063063063063,0.16216216216216217
222,4,1083.6942891637696,0,1,122,12.512646916828388,2.901639344262295,0.5573770491803278,-0.10745137583301954,0.5163934426229508,0.30327868852459017,0.18032786885245902
223,1,855.3701019866951,0,0,1972,11.133676205106257,3.043103448275862,0.6171399594320487,0.31919234632185056,0.7854969574036511,0.06845841784989858,0.1460446247464503
223,2,1096.5829581633711,0,0,2089,11.291454939201301,3.040689325035902,0.6041168022977501,0.26028755454783553,0.7922450933460986,0.06510292005744375,0.14265198659645764
223,3,1144.6076094869768,0,1,2129,11.309466970767179,3.017848755284171,0.5871301080319399,0.20289403301728481,0.7984969469234382,0.06528886801315172,0.13621418506341004
223,4,1215.6758260832519,0,1,2244,11.233800601222296,3.0080213903743314,0.5815508021390374,0.18953265966477478,0.7976827094474154,0.06684491978609626,0.1354723707664884
224,1,1228.1595499655875,0,0,165,10.780744654528727,3.066666666666667,0.5757575757575758,0.22948626948534157,0.7515151515151515,0.09696969696969697,0.15151515151515152
224,2,1086.484830589847,0,0,159,10.77143079225066,3.1132075471698113,0.5786163522012578,0.23001853470749753,0.7547169811320755,0.0880503144654088,0.15723270440251572
224,3,1381.6010976290124,0,1,151,10.919695416633186,3.0794701986754967,0.5629139072847682,0.1999684617347851,0.7350993377483444,0.09933774834437085,0.16556291390728478
224,4,1516.0576913881807,0,1,160,11.10891124669583,3.08125,0.575,0.14377109697891796,0.7125,0.11875,0.16875
225,1,642.0623845937253,1,0,224,11.663624800592865,2.950892857142857,0.5401785714285714,-0.27534005900496583,0.8125,0.11160714285714286,0.07589285714285714
225,2,829.017701807623,1,0,229,11.57271992904498,2.960698689956332,0.5633187772925764,-0.2181102972658377,0.8122270742358079,0.1091703056768559,0.07860262008733625
225,3,844.8640982957785,1,1,236,11.57783386369443,3.0508474576271185,0.5805084745762712,-0.16466835851794176,0.7923728813559322,0.1228813559322034,0.0847457627118644
225,4,1036.6972344541996,1,1,241,11.583464722988147,3.091286307053942,0.5643153526970954,-0.1738689198821677,0.7966804979253111,0.12033195020746888,0.08298755186721991
226,1,856.3760489410955,1,0,244,11.798929598703074,3.0778688524590163,0.4139344262295082,-0.33746961539651954,0.6639344262295082,0.22950819672131148,0.10655737704918032
226,2,917.8002644475766,1,0,258,11.942368356259216,2.949612403100775,0.4108527131782946,-0.3216948397964709,0.6937984496124031,0.2054263565891473,0.10077519379844961
226,3,913.114857365778,1,1,254,11.915856691824796,2.97244094488189,0.4015748031496063,-0.38195731344016526,0.7047244094488189,0.18110236220472442,0.1141732283464567
226,4,1072.2462887343981,1,1,253,12.071255750013718,3.039525691699605,0.4189723320158103,-0.4667549143464173,0.691699604743083,0.19367588932806323,0.11462450592885376
227,1,1254.8670366631638,0,0,112,11.464680205747076,3.205357142857143,0.5357142857142857,0.2633344626066621,0.7589285714285714,0.16964285714285715,0.07142857142857142
227,2,1520.2524837410806,0,0,110,11.421718076477273,3.2,0.5363636363636364,0.2601375811727652,0.7363636363636363,0.18181818181818182,0.08181818181818182
227,3,1040.6665216122215,0,1,106,11.64051507175874,3.160377358490566,0.5283018867924528,0.19764759691772385,0.7358490566037735,0.16981132075471697,0.09433962264150944
227,4,1185.2590105768136,0,1,110,11.516255927012192,3.1454545454545455,0.4818181818181818,0.04449339717717418,0.7363636363636363,0.16363636363636364,0.1
228,1,891.9914627308852,0,0,267,11.511532065111473,2.951310861423221,0.5730337078651685,0.2110229458100495,0.7378277153558053,0.2209737827715356,0.04119850187265917
228,2,1090.4366513160705,0,0,273,11.48989995610691,2.9926739926739927,0.5567765567765568,0.08980118066923284,0.73992673992674,0.21611721611721613,0.04395604395604396
228,3,1089.4311193360293,0,1,296,11.544070666400248,2.9864864864864864,0.5641891891891891,0.10621206024067519,0.7364864864864865,0.21283783783783783,0.05067567567567568
228,4,1300.0999198041557,0,1,298,11.48039500849296,2.959731543624161,0.5436241610738255,0.06879671790100299,0.7181208053691275,0.22818791946308725,0.053691275167785234
229,1,756.7389210096898,0,0,340,12.944168250594394,2.8941176470588235,0.39705882352941174,-1.1188842383009265,0.5352941176470588,0.3411764705882353,0.12352941176470589
229,2,562.699255360807,0,0,330,12.74944322217887,2.9545454545454546,0.4121212121212121,-1.0839088737934655,0.5545454545454546,0.33636363636363636,0.10909090909090909
229,3,623.4184311850611,0,1,376,12.494695868438992,2.976063829787234,0.47074468085106386,-0.762830468297287,0.5531914893617021,0.3404255319148936,0.10638297872340426
229,4,961.8605401456839,0,1,352,12.448398409013999,2.977272727272727,0.4715909090909091,-0.7181444657977992,0.5482954545454546,0.3409090909090909,0.11079545454545454
230,1,839.5105209242619,0,0,265,12.413342885577588,3.0377358490566038,0.5320754716981132,-0.08828630401142468,0.39622641509433965,0.5094339622641509,0.09433962264150944
230,2,866.2442167075894,0,0,299,12.302899497797117,3.0434782608695654,0.5050167224080268,-0.13488576818093023,0.40468227424749165,0.5150501672240803,0.0802675585284281
230,3,1115.7751864809898,0,1,281,12.264982335349448,3.106761565836299,0.5088967971530249,-0.13884687394027517,0.4199288256227758,0.5088967971530249,0.0711743772241993
230,4,1078.5108221349449,0,1,284,12.048344556238927,3.063380281690141,0.4753521126760563,-0.21768362694714918,0.426056338028169,0.4894366197183099,0.08450704225352113
231,1,815.576432710983,0,0,487,11.010196134054171,3.0102669404517455,0.5811088295687885,0.32088489285506894,0.919917864476386,0.06570841889117043,0.014373716632443531
231,2,1062.894914284261,0,0,481,11.079866523877701,3.0103950103950106,0.5717255717255717,0.29614735998535024,0.920997920997921,0.06444906444906445,0.014553014553014554
231,3,1099.4901175935,0,1,478,11.211593637018037,2.9790794979079496,0.5418410041841004,0.21163594067355948,0.9163179916317992,0.06276150627615062,0.02092050209205021
231,4,1165.0958887098102,0,1,522,11.154847735626191,2.9233716475095783,0.5306513409961686,0.16616641503921334,0.9118773946360154,0.06321839080459771,0.02490421455938697
232,1,807.257943039054,1,0,843,11.795714549162017,3.0427046263345194,0.49110320284697506,-0.15838463568100689,0.575326215895611,0.26334519572953735,0.16132858837485173
232,2,1037.2147588088126,1,0,830,11.849356736045937,3.0542168674698793,0.4975903614457831,-0.1613269417461921,0.5819277108433735,0.25662650602409637,0.1614457831325301
232,3,1219.2090206086525,1,1,804,11.768574929739579,3.074626865671642,0.4925373134328358,-0.1572542569852268,0.5758706467661692,0.26741293532338306,0.15671641791044777
232,4,1276.5484717322931,1,1,782,11.846017633703047,3.1163682864450126,0.4833759590792839,-0.16762314225081051,0.5741687979539642,0.2659846547314578,0.159846547314578
233,1,1526.9037052754493,0,0,232,10.647637124793746,3.060344827586207,0.5818965517241379,0.3457919561430373,0.7931034482758621,0.06896551724137931,0.13793103448275862
233,2,1161.0778892414767,0,0,238,10.61844773521425,3.0168067226890756,0.592436974789916,0.29925236577573905,0.8109243697478992,0.07142857142857142,0.11764705882352941
233,3,1566.6109116563998,0,1,252,10.658991228851578,3.015873015873016,0.5833333333333334,0.2374042020872761,0.8134920634920635,0.06746031746031746,0.11904761904761904
233,4,1658.6695697687578,0,1,254,10.732262868240412,2.9921259842519685,0.5826771653543307,0.11459137289881334,0.8228346456692913,0.05905511811023622,0.11811023622047244
234,1,921.9167415925119,0,0,300,11.043437972447887,2.8866666666666667,0.5533333333333333,0.27535473679811445,0.9133333333333333,0.06333333333333334,0.023333333333333334
234,2,887.5377603820212,0,0,333,11.331152761737778,2.891891891891892,0.5375375375375375,0.2726370995719657,0.918918918918919,0.06006006006006006,0.021021021021021023
234,3,1393.7047352834982,0,1,321,11.442435977064784,2.8940809968847354,0.5264797507788161,0.18275512403451308,0.9190031152647975,0.059190031152647975,0.021806853582554516
234,4,1332.7922016179327,0,1,308,11.365580034164896,2.857142857142857,0.512987012987013,0.17992491974044292,0.9123376623376623,0.06493506493506493,0.022727272727272728
235,1,868.9731763312462,0,0,354,11.647053206447922,2.9180790960451977,0.5112994350282486,-0.08046575261496233,0.7033898305084746,0.1977401129943503,0.09887005649717515
235,2,1016.6606163672425,0,0,349,11.76883184106768,2.9197707736389686,0.5100286532951289,-0.10522291416365837,0.6934097421203438,0.2034383954154728,0.10315186246418338
235,3,1116.3191776837102,0,1,378,11.819347260207078,2.9232804232804233,0.5132275132275133,-0.09270340671659655,0.701058201058201,0.1984126984126984,0.10052910052910052
235,4,976.4589917357466,0,1,441,11.782593889592185,2.879818594104308,0.5056689342403629,-0.08948961056611818,0.6870748299319728,0.21315192743764172,0.09977324263038549
236,1,1175.776375536669,0,0,142,10.634064168871268,3.091549295774648,0.6267605633802817,0.47257260378016774,0.9647887323943662,0.028169014084507043,0.007042253521126761
236,2,917.014519654346,0,0,140,10.627712172350007,3.0285714285714285,0.6071428571428571,0.42957229716930095,0.9642857142857143,0.02857142857142857,0.007142857142857143
236,3,1195.7594006538648,0,1,161,10.972818636649663,2.9937888198757765,0.5838509316770186,0.32379722016079915,0.9565217391304348,0.031055900621118012,0.012422360248447204
236,4,1309.4162399139932,0,1,161,10.974412038525415,3.049689440993789,0.5527950310559007,0.18035454017029467,0.9751552795031055,0.024844720496894408,0
237,1,1016.6877434416242,1,0,486,11.56572331145551,3,0.5843621399176955,-0.04247421612145923,0.6090534979423868,0.29218106995884774,0.09876543209876543
237,2,1025.914039015222,1,0,481,11.720021664530709,2.916839916839917,0.5883575883575883,-0.049434858386590085,0.6091476091476091,0.29313929313929316,0.09771309771309772
237,3,1150.9895860597574,1,1,481,11.671389000110048,2.9002079002079,0.577962577962578,-0.03659416206582332,0.6216216216216216,0.27442827442827444,0.10395010395010396
237,4,1328.9047457945337,1,1,451,11.726070966747427,2.891352549889135,0.5787139689578714,-0.02894272622675464,0.6097560975609756,0.2771618625277162,0.1130820399113082
238,1,944.454626112331,0,0,384,10.974368389761043,2.9348958333333335,0.5885416666666666,0.39137622420388696,0.6979166666666666,0.19010416666666666,0.11197916666666667
238,2,1029.223730699835,0,0,366,10.889587764971214,2.920765027322404,0.5983606557377049,0.3841346544940778,0.6912568306010929,0.19672131147540983,0.11202185792349727
238,3,1217.1027673913702,0,1,343,10.840840278192493,2.941690962099125,0.5860058309037901,0.358653723319384,0.6880466472303207,0.19533527696793002,0.11661807580174927
238,4,1443.4465642400496,0,1,349,10.873206817768615,2.962750716332378,0.5501432664756447,0.28206690539267687,0.7106017191977078,0.17478510028653296,0.11461318051575932
239,1,879.3084962717693,0,0,236,11.556161899224158,2.9957627118644066,0.5042372881355932,0.023459986202228472,0.6313559322033898,0.1864406779661017,0.18220338983050846
239,2,804.8282037175384,0,0,254,11.370467522964908,3.0511811023622046,0.5393700787401575,0.05855784477397473,0.6338582677165354,0.1889763779527559,0.17716535433070865
239,3,1130.9069201751452,0,1,256,11.28845723419424,2.984375,0.53515625,0.014327369669536235,0.609375,0.19921875,0.19140625
239,4,1308.1748233045414,0,1,246,11.505100509368827,2.991869918699187,0.524390243902439,-0.08772470428476434,0.6097560975609756,0.2032520325203252,0.18699186991869918
240,1,785.463199537752,0,0,293,11.54009201600203,3.10580204778157,0.5494880546075085,0.10417777497439552,0.6621160409556314,0.17064846416382254,0.16723549488054607
240,2,947.580282928413,0,0,285,11.62622273517344,3.0701754385964914,0.5614035087719298,0.07624398739274481,0.6666666666666666,0.17192982456140352,0.16140350877192983
240,3,1145.5915423848257,0,1,293,11.750057073958594,3.0102389078498293,0.5426621160409556,0.012221062602780886,0.6689419795221843,0.17747440273037543,0.15358361774744028
240,4,1343.2017451828992,0,1,328,11.6557397377504,3.0853658536585367,0.5335365853658537,-0.1017338026007841,0.7073170731707317,0.1524390243902439,0.1402439024390244
241,1,845.5621357117197,0,0,151,11.282637532778912,2.8874172185430464,0.47019867549668876,-0.20194940012679624,0.8079470198675497,0.09271523178807947,0.09933774834437085
241,2,898.2491468509006,0,0,152,11.101160063947397,2.9342105263157894,0.506578947368421,-0.14796957240181033,0.8289473684210527,0.07894736842105263,0.09210526315789473
241,3,1261.1116203017293,0,1,146,11.012602385512958,2.9657534246575343,0.5068493150684932,-0.08687732954229027,0.8424657534246576,0.07534246575342465,0.0821917808219178
241,4,882.9926399031044,0,1,211,11.501153847535551,3.0331753554502368,0.47393364928909953,-0.3229675319312924,0.8056872037914692,0.0995260663507109,0.0947867298578199
242,1,1008.3582481303174,0,0,716,10.365525729234754,3.0013966480446927,0.6717877094972067,0.801589281907136,0.8198324022346368,0.11731843575418995,0.06284916201117319
242,2,1380.2807249965924,0,0,786,10.440355075926293,3.019083969465649,0.6463104325699746,0.688796268299053,0.8231552162849872,0.10941475826972011,0.06743002544529263
242,3,1554.0472879174654,0,1,773,10.53569434850193,3.0401034928848643,0.6364812419146184,0.6333000802419986,0.8201811125485123,0.10608020698576973,0.07373868046571798
242,4,1485.0301907961386,0,1,886,11.066134690181324,3.108352144469526,0.5948081264108352,0.308531005316586,0.8171557562076749,0.11738148984198646,0.0654627539503386
243,1,1005.3790123648373,0,0,1015,11.004149822528971,2.9408866995073892,0.6157635467980296,0.3992570421926924,0.8886699507389163,0.0561576354679803,0.05517241379310345
243,2,1215.9848831161862,0,0,1030,10.975523419294838,2.979611650485437,0.596116504854369,0.3698123407341059,0.8902912621359224,0.05339805825242718,0.05631067961165048
243,3,1422.9335335796884,0,1,1023,11.283167438200563,3.0234604105571847,0.5659824046920822,0.23113127279599974,0.8875855327468231,0.05083088954056696,0.06158357771260997
243,4,1407.0439386686712,0,1,976,11.436009840919274,3.019467213114754,0.5604508196721312,0.1854825385074187,0.889344262295082,0.05122950819672131,0.05942622950819672
244,1,1108.2773137859738,0,0,295,11.21184417126386,3.006779661016949,0.6,0.18230706436514638,0.6271186440677966,0.2677966101694915,0.10508474576271186
244,2,1195.617416495433,0,0,311,11.091697123634715,2.942122186495177,0.6012861736334405,0.13191282552508046,0.6237942122186495,0.2733118971061093,0.10289389067524116
244,3,1286.427811273289,0,1,290,11.06651167536053,2.9275862068965517,0.596551724137931,0.10395338753327794,0.6103448275862069,0.27586206896551724,0.11379310344827587
244,4,1274.3934126731217,0,1,293,11.13076398751904,3.030716723549488,0.5665529010238908,-0.025050428790365238,0.6177474402730375,0.2764505119453925,0.10580204778156997
245,1,1190.3914471747764,1,0,353,11.344541316427765,2.9291784702549575,0.5920679886685553,0.32239073408100116,0.6572237960339944,0.3314447592067989,0.0113314447592068
245,2,1374.7569877992187,1,0,349,11.220432584477917,2.8796561604584525,0.5759312320916905,0.2738594390179731,0.664756446991404,0.3209169054441261,0.014326647564469915
245,3,1490.5476532040595,1,1,339,11.234377203472471,2.8584070796460175,0.5752212389380531,0.2658146390583284,0.6607669616519174,0.32448377581120946,0.014749262536873156
245,4,1507.6930203108348,1,1,314,11.151589370817412,2.9044585987261144,0.5668789808917197,0.2236483357616617,0.6910828025477707,0.2961783439490446,0.012738853503184714
246,1,701.4397788422798,0,0,1199,11.840124817426943,2.9532944120100084,0.47122602168473726,-0.22994247624079103,0.7781484570475397,0.12343619683069225,0.09841534612176814
246,2,799.8096771310209,0,0,1181,11.856013353685757,2.9610499576629974,0.4792548687552921,-0.21042928987361043,0.7739204064352244,0.12701100762066045,0.09906858594411516
246,3,1005.892459557952,0,1,1135,11.863918724829285,2.9841409691629956,0.4801762114537445,-0.2070239702486201,0.7726872246696035,0.12951541850220263,0.09779735682819383
246,4,1273.8264470699394,0,1,1145,11.792529920640014,2.9973799126637553,0.48034934497816595,-0.16854607087759507,0.77117903930131,0.1406113537117904,0.08820960698689956
247,1,959.8428420635593,0,0,454,11.132717325841865,2.973568281938326,0.5440528634361234,0.02866646554488204,0.5726872246696035,0.27312775330396477,0.15418502202643172
247,2,1129.9961672800137,0,0,449,11.269868048977461,2.951002227171492,0.5233853006681515,-0.041195193983993544,0.5657015590200446,0.26948775055679286,0.16481069042316257
247,3,1085.6462696748372,0,1,438,11.300111164900635,2.9200913242009134,0.5091324200913242,-0.08033759035331396,0.5684931506849316,0.2762557077625571,0.1552511415525114
247,4,1084.1206431004175,0,1,420,11.271023622805652,2.907142857142857,0.4928571428571429,-0.14991574408174407,0.5619047619047619,0.27380952380952384,0.16428571428571428
248,1,840.5071112989651,1,0,370,12.766248737928096,3.0891891891891894,0.43513513513513513,-0.5251547425137797,0.8,0.1783783783783784,0.021621621621621623
248,2,792.5300895157487,1,0,360,12.469908078084444,3.1055555555555556,0.4444444444444444,-0.47336910338246835,0.8055555555555556,0.17222222222222222,0.022222222222222223
248,3,867.806627896447,1,1,355,12.399969652075919,3.076056338028169,0.4450704225352113,-0.4452475532417258,0.8225352112676056,0.15774647887323945,0.01971830985915493
248,4,1134.632059245174,1,1,439,12.400720083577449,3.06378132118451,0.428246013667426,-0.5125464767430996,0.8041002277904328,0.1776765375854214,0.018223234624145785
249,1,976.670318181732,0,0,412,10.874627867092263,3.0218446601941746,0.6262135922330098,0.5319345784216503,0.8325242718446602,0.11165048543689321,0.055825242718446605
249,2,1332.9331494998776,0,0,400,10.902456968782541,3.0325,0.605,0.4942132397626963,0.8325,0.11,0.0575
249,3,1425.9826696167038,0,1,538,11.16296321810136,2.95910780669145,0.5780669144981413,0.3188698787427224,0.8401486988847584,0.09851301115241635,0.06133828996282528
249,4,1402.30396836794,0,1,535,11.324893745721901,2.9626168224299065,0.5700934579439252,0.26858690892515813,0.8392523364485981,0.09906542056074766,0.0616822429906542
250,1,613.2756341163199,0,0,797,12.122737568256007,2.9836888331242157,0.42910915934755334,-0.43546691632225726,0.5922208281053952,0.27478042659974905,0.1329987452948557
250,2,757.7647750288053,0,0,776,12.066857116439088,2.9536082474226806,0.4265463917525773,-0.4616160782254327,0.5811855670103093,0.2770618556701031,0.14175257731958762
250,3,906.8542734300032,0,1,717,12.123427175144911,2.9302649930264995,0.42677824267782427,-0.42906011863641147,0.5788005578800558,0.28312412831241285,0.13807531380753138
250,4,1026.0361070951978,0,1,716,12.17928391292044,2.9818435754189943,0.441340782122905,-0.4003309792012087,0.5656424581005587,0.2877094972067039,0.14664804469273743
251,1,865.3631009835809,1,0,281,10.791789585923816,2.8612099644128115,0.5622775800711743,0.1644131669919519,0.701067615658363,0.1494661921708185,0.1494661921708185
251,2,1100.279781887987,1,0,291,10.984135687383297,2.924398625429553,0.5532646048109966,0.1646266286425258,0.7079037800687286,0.15807560137457044,0.13402061855670103
251,3,1129.5156423016526,1,1,285,10.936193651157282,2.9263157894736844,0.5614035087719298,0.1616736330087406,0.7052631578947368,0.16140350877192983,0.13333333333333333
251,4,1370.6399294975981,1,1,330,11.115472820849439,2.8878787878787877,0.5393939393939394,0.12939481804587857,0.696969696969697,0.15454545454545454,0.1484848484848485
252,1,993.9893505131427,1,0,645,11.67807918246147,3.0015503875968994,0.5100775193798449,-0.17916844830323167,0.9193798449612403,0.06201550387596899,0.018604651162790697
252,2,1099.3869131358385,1,0,631,11.552822351102932,3.0190174326465926,0.49445324881141045,-0.19941285835663633,0.9128367670364501,0.06814580031695722,0.01901743264659271
252,3,1301.3995685957425,1,1,638,11.593566631247969,3.043887147335423,0.5031347962382445,-0.18083162526714536,0.9216300940438872,0.05956112852664577,0.018808777429467086
252,4,1333.897611207091,1,1,640,11.517872078146409,3.0515625,0.5046875,-0.15567679083241243,0.915625,0.065625,0.01875
253,1,693.9177285045339,1,0,487,11.579047963763218,3.0369609856262834,0.5544147843942505,0.12292769260744067,0.6529774127310062,0.24845995893223818,0.09856262833675565
253,2,1186.2884051156452,1,0,497,11.592650939379173,2.9798792756539236,0.5553319919517102,0.12550834895654356,0.635814889336016,0.2595573440643863,0.10462776659959759
253,3,1138.9808639581997,1,1,479,11.596366008737244,2.979123173277662,0.5553235908141962,0.11147925745957189,0.6283924843423799,0.2651356993736952,0.10647181628392484
253,4,1294.5097894053654,1,1,498,11.651213774154806,2.9839357429718874,0.5401606425702812,0.06367702012260298,0.6285140562248996,0.25903614457831325,0.11244979919678715
254,1,822.4100629126119,1,0,386,11.804271942134847,3.134715025906736,0.4896373056994819,-0.2590823433191119,0.8264248704663213,0.08290155440414508,0.09067357512953368
254,2,887.3599831115683,1,0,384,12.024328959243562,3.1145833333333335,0.4947916666666667,-0.262719037510727,0.8151041666666666,0.09635416666666667,0.08854166666666667
254,3,1241.1886790144688,1,1,392,12.075129329298647,3.1581632653061225,0.49489795918367346,-0.2232765613672163,0.8188775510204082,0.09438775510204081,0.08673469387755102
254,4,1024.8841074180432,1,1,392,12.041521470476425,3.11734693877551,0.4770408163265306,-0.2490799615122413,0.8316326530612245,0.09183673469387756,0.07653061224489796
255,1,941.5482062204081,0,0,676,11.282974107494564,2.960059171597633,0.5636094674556213,0.12811961947355527,0.8224852071005917,0.11686390532544379,0.060650887573964495
255,2,1152.2165463547924,0,0,674,11.305334801985593,2.970326409495549,0.5548961424332344,0.14127430412015932,0.8234421364985163,0.1142433234421365,0.06231454005934718
255,3,1213.788903794079,0,1,697,11.502939839362197,2.9727403156384504,0.5380200860832137,0.106347861691326,0.8177905308464849,0.11908177905308465,0.06312769010043041
255,4,1503.7496112088177,0,1,692,11.479777864861573,3.0014450867052025,0.5332369942196532,0.1046545731680916,0.8121387283236994,0.11560693641618497,0.07225433526011561
256,1,812.6363372848006,1,0,164,11.573649415684548,2.8902439024390243,0.5365853658536586,0.04345139812887519,0.6524390243902439,0.2682926829268293,0.07926829268292683
256,2,1125.6834974292622,1,0,161,11.46661520733751,2.8447204968944098,0.5403726708074534,0.02912814886247603,0.6335403726708074,0.2919254658385093,0.07453416149068323
256,3,1342.1020488888894,1,1,154,11.455044275709517,2.8701298701298703,0.5584415584415584,0.04449339717717418,0.6298701298701299,0.2987012987012987,0.07142857142857142
256,4,1438.9298439060985,1,1,150,11.386702459147875,2.8733333333333335,0.5533333333333333,-0.05315679934913118,0.62,0.31333333333333335,0.06666666666666667
257,1,941.5772793123667,0,0,919,10.835557866843379,3.0250272034820456,0.6158868335146899,0.4591791066185899,0.7769314472252449,0.13275299238302501,0.09031556039173014
257,2,1270.295447034941,0,0,898,10.89777966181499,3,0.6124721603563474,0.4245099748986981,0.7828507795100222,0.13028953229398663,0.08685968819599109
257,3,1348.3231847414443,0,1,881,10.97539787642902,3.0090805902383657,0.6072644721906924,0.3895296335790032,0.7877412031782066,0.12031782065834279,0.09194097616345062
257,4,1517.8880531868529,0,1,871,10.967358719755932,3.008036739380023,0.5912743972445464,0.3643977579939769,0.78300803673938,0.12629161882893225,0.09070034443168772
258,1,797.059318894493,0,0,3723,11.399931634212267,2.986569970453935,0.5449905989793178,0.11242843518939769,0.5245769540692989,0.39108246038141287,0.08434058554928821
258,2,1046.6355427940182,0,0,3650,11.417759835711129,2.995068493150685,0.5416438356164384,0.10916770199524707,0.5142465753424658,0.4005479452054794,0.0852054794520548
258,3,1113.5925477795536,0,1,3498,11.485968006899242,2.995997712978845,0.5383076043453402,0.079602430100154,0.5151515151515151,0.39937106918238996,0.08547741566609492
258,4,1297.1755591794774,0,1,3413,11.537701236446955,2.992089071198359,0.5367711690594784,0.05990770815828963,0.5180193378259595,0.39818341634925286,0.08379724582478758
259,1,872.2833591064643,0,0,1311,10.938389137009022,2.9916094584286803,0.6056445461479787,0.27689987177277076,0.6819221967963387,0.2395118230358505,0.07856598016781083
259,2,1150.6191640674242,0,0,1249,10.929560889272546,3.012009607686149,0.6020816653322658,0.28991541832405143,0.6845476381104884,0.23618895116092875,0.07926341072858287
259,3,1322.5597096118704,0,1,1240,10.993361070790447,3.0217741935483873,0.5903225806451613,0.28850732576841154,0.6903225806451613,0.2314516129032258,0.07822580645161291
259,4,1402.4360644967703,0,1,1198,11.079799540425967,3.003338898163606,0.5868113522537562,0.2698509771822683,0.6936560934891486,0.2287145242070117,0.07762938230383973
260,1,967.9023377637661,0,0,347,11.281585011927387,3.0403458213256482,0.5706051873198847,-0.04567591253551652,0.7118155619596542,0.14985590778097982,0.138328530259366
260,2,819.3975507396327,0,0,366,11.162730663615106,3.0355191256830603,0.5901639344262295,0.010431443379747088,0.73224043715847,0.13934426229508196,0.1284153005464481
260,3,997.7658337499137,0,1,365,11.154915400281917,3.043835616438356,0.6,0.01354854037842719,0.7452054794520548,0.13424657534246576,0.12054794520547946
260,4,1113.4745487395762,0,1,372,11.27468806105751,3.0940860215053765,0.5725806451612904,-0.07745997326058396,0.7526881720430108,0.12096774193548387,0.12634408602150538
261,1,964.7257835893103,1,0,866,11.127075301112322,3.0935334872979214,0.5877598152424942,0.2993122991595018,0.7009237875288684,0.24018475750577367,0.05889145496535797
261,2,1219.3000066027632,1,0,884,11.1924908020038,3.074660633484163,0.5780542986425339,0.244037449788479,0.7092760180995475,0.2319004524886878,0.058823529411764705
261,3,1503.8511642771605,1,1,851,11.26997602254088,3.081081081081081,0.5793184488836662,0.16773230560167707,0.7097532314923619,0.23266745005875442,0.057579318448883664
261,4,1568.1583849826259,1,1,854,11.20975247145399,3.066744730679157,0.5667447306791569,0.11329066678294357,0.7201405152224825,0.2306791569086651,0.04918032786885246
262,1,769.0983820192769,1,0,2282,11.788714236794924,3.0109553023663453,0.48422436459246276,-0.21496214799728725,0.6134969325153374,0.22304995617879053,0.16345311130587203
262,2,985.6318543776499,1,0,2535,11.701457761201809,2.9751479289940828,0.5041420118343195,-0.1426694794982444,0.6134122287968442,0.22603550295857988,0.16055226824457594
262,3,1097.010285327574,1,1,2513,11.793206289447271,2.9558296856346997,0.5041782729805014,-0.1653237033640765,0.6116195781933943,0.22801432550736173,0.16036609629924392
262,4,1115.266558814433,1,1,2460,11.805074412569247,2.9914634146341466,0.5109756097560976,-0.1840781908842976,0.6069105691056911,0.23089430894308943,0.16219512195121952
263,1,776.7224775954957,0,0,842,12.142265902605967,3.0736342042755345,0.4418052256532066,-0.49338483794471066,0.7814726840855107,0.15320665083135393,0.06532066508313539
263,2,838.5128157575703,0,0,800,12.03509010304398,3.05125,0.445,-0.4467888103048567,0.78625,0.15,0.06375
263,3,1033.0873197503327,0,1,779,12.038091406160147,3.0385109114249036,0.44801026957637996,-0.41591871363764277,0.7753530166880617,0.16174582798459564,0.06290115532734275
263,4,1083.4716452459909,0,1,775,12.075345633918486,3.0387096774193547,0.44516129032258067,-0.4405445789880032,0.7716129032258064,0.16903225806451613,0.05935483870967742
264,1,757.2980091219108,0,0,124,10.61016478790699,2.935483870967742,0.5967741935483871,0.35470339649158644,0.6290322580645161,0.23387096774193547,0.13709677419354838
264,2,786.165097523377,0,0,117,10.649835805482022,2.9914529914529915,0.6153846153846154,0.38216555111963324,0.6324786324786325,0.23931623931623933,0.1282051282051282
264,3,1488.8165323571618,0,1,114,10.896999872550742,3.026315789473684,0.6140350877192983,0.3339462823483498,0.6140350877192983,0.2631578947368421,0.12280701754385964
264,4,1269.9618731724522,0,1,138,11.196701064443578,3.0434782608695654,0.5362318840579711,0.055166516483491385,0.6521739130434783,0.2463768115942029,0.10144927536231885
265,1,983.0112219876851,1,0,410,11.437716789181216,3.0439024390243903,0.5414634146341464,0.07652742506202313,0.573170731707317,0.24878048780487805,0.17804878048780487
265,2,946.197947874904,1,0,400,11.562413689021858,3.05,0.5275,0.02091494347426004,0.57,0.2575,0.1725
265,3,1334.0178667728965,1,1,380,11.55657841232046,3.0763157894736843,0.5526315789473685,0.043893790707275816,0.5736842105263158,0.24736842105263157,0.17894736842105263
265,4,1349.456999610983,1,1,383,11.529709216443338,3.0130548302872064,0.5430809399477807,0.03168158940838347,0.5430809399477807,0.2741514360313316,0.18276762402088773
266,1,832.1645995144437,0,0,355,11.400693044413,3.0535211267605633,0.6112676056338028,0.1689859364575414,0.5605633802816902,0.2056338028169014,0.23380281690140844
266,2,1123.3782737521246,0,0,385,11.437308137259453,3.012987012987013,0.5636363636363636,0.04449339717717418,0.5428571428571428,0.21558441558441557,0.24155844155844156
266,3,1001.7571246601858,0,1,370,11.518565068373956,3.054054054054054,0.5486486486486486,0.04869411509080578,0.5459459459459459,0.22432432432432434,0.22972972972972974
266,4,1117.590834730738,0,1,352,11.60066218367785,3.065340909090909,0.5340909090909091,0.06788875676160151,0.5710227272727273,0.21306818181818182,0.2159090909090909
267,1,872.6800986750942,0,0,353,11.09518703220831,2.84985835694051,0.6317280453257791,0.5257594861478251,0.6203966005665722,0.2719546742209632,0.10764872521246459
267,2,1148.5519427243305,0,0,360,10.980335076724755,2.811111111111111,0.6416666666666667,0.5159946585989805,0.6111111111111112,0.2833333333333333,0.10555555555555556
267,3,1281.5733837125217,0,1,421,11.529961046624384,2.9026128266033253,0.6104513064133017,0.2627953210821807,0.6152019002375297,0.28741092636579574,0.09738717339667459
267,4,1435.277348418777,0,1,429,11.578530970920532,2.9207459207459205,0.5757575757575758,0.20348794793154318,0.6130536130536131,0.2867132867132867,0.10023310023310024
268,1,882.1182060508784,0,0,337,12.118271672135299,2.943620178041543,0.4391691394658754,-0.34613153586091727,0.6498516320474778,0.27299703264094954,0.0771513353115727
268,2,700.0281421433282,0,0,332,12.044557572513401,2.9216867469879517,0.4397590361445783,-0.3411072282625437,0.6506024096385542,0.26506024096385544,0.08433734939759036
268,3,848.7394806797212,0,1,320,12.00124370800639,2.8875,0.45625,-0.32253402117286883,0.65,0.265625,0.084375
268,4,842.7675472796515,0,1,339,12.02172399127541,2.938053097345133,0.45722713864306785,-0.3288241683039224,0.6637168141592921,0.25073746312684364,0.0855457227138643
269,1,782.227705545213,0,0,274,11.618594225657997,2.9854014598540144,0.5474452554744526,0.05530382039358999,0.656934306569343,0.19708029197080293,0.145985401459854
269,2,849.0880441538405,0,0,263,11.54683481471697,3,0.5551330798479087,0.05711737695624028,0.6730038022813688,0.18631178707224336,0.14068441064638784
269,3,994.3129775698045,0,1,284,11.535053571866312,2.992957746478873,0.5704225352112676,0.06535294620039904,0.6830985915492958,0.18309859154929578,0.13380281690140844
269,4,1022.95789544405,0,1,295,11.396766993185173,3.010169491525424,0.5627118644067797,0.056685879342323046,0.688135593220339,0.1864406779661017,0.12542372881355932
270,1,782.9367600419579,0,0,218,11.755188501291077,2.871559633027523,0.5091743119266054,0.15337933879308885,0.6926605504587156,0.20642201834862386,0.10091743119266056
270,2,1002.3991081696837,0,0,219,11.587175763674288,2.990867579908676,0.5068493150684932,0.12218995765529614,0.680365296803653,0.2009132420091324,0.1187214611872146
270,3,1178.5512684515086,0,1,239,11.283017043172284,3.1380753138075312,0.5188284518828452,0.12774121116141987,0.6903765690376569,0.19665271966527198,0.11297071129707113
270,4,1226.1555847677519,0,1,243,11.077979332801604,3.0699588477366255,0.5185185185185185,0.19033242525401226,0.6625514403292181,0.20987654320987653,0.12757201646090535
271,1,682.7188093643035,1,0,340,12.056719170075638,2.8558823529411765,0.4294117647058823,-0.46307221991433506,0.8323529411764706,0.09411764705882353,0.07352941176470588
271,2,791.5302951598865,1,0,342,12.166216186738819,2.8830409356725144,0.43567251461988304,-0.4198447083810249,0.8421052631578947,0.0847953216374269,0.07309941520467836
271,3,920.9967954877176,1,1,366,12.18514288977523,2.8633879781420766,0.42896174863387976,-0.4202566160262322,0.8497267759562842,0.07650273224043716,0.07377049180327869
271,4,1162.124515341776,1,1,374,12.296077879191776,2.8689839572192515,0.4197860962566845,-0.4370561013790179,0.8529411764705882,0.0748663101604278,0.07219251336898395
272,1,920.067287305195,0,0,716,11.420488205253706,2.9706703910614527,0.5321229050279329,-0.002274591499006747,0.6689944134078212,0.22905027932960895,0.10195530726256984
272,2,948.4674818920932,0,0,701,11.420860341538562,2.9671897289586306,0.536376604850214,-0.006293527430836507,0.6718972895863052,0.2239657631954351,0.10413694721825963
272,3,1162.7091368020635,0,1,708,11.360094650705209,2.943502824858757,0.5508474576271186,0.023207125523841143,0.6694915254237288,0.22033898305084745,0.11016949152542373
272,4,1402.5926460266548,0,1,705,11.334834583301861,2.9404255319148938,0.5517730496453901,0.010454339310025899,0.6680851063829787,0.21418439716312057,0.11773049645390071
273,1,979.8762842277022,1,0,737,11.40154232458768,2.9972862957937583,0.6092265943012212,0.3240838852412972,0.6621438263229308,0.2645861601085482,0.07327001356852103
273,2,1210.8672432991018,1,0,754,11.440789872968347,2.989389920424403,0.603448275862069,0.29468425215869615,0.6684350132625995,0.25862068965517243,0.07294429708222812
273,3,1316.0056826674324,1,1,769,11.588995060930769,2.996098829648895,0.5591677503250976,0.14647160956599134,0.6775032509752926,0.2483745123537061,0.0741222366710013
273,4,1414.728440076064,1,1,762,11.498619699237128,2.9514435695538057,0.5551181102362205,0.11482631431652754,0.6758530183727034,0.25065616797900264,0.07349081364829396
274,1,771.9405174788325,1,0,1803,11.542839761124272,3.0221852468108708,0.5185801442041043,-0.09858336747804887,0.48863006100942874,0.33943427620632277,0.1719356627842485
274,2,926.0830496628533,1,0,1837,11.65499074529836,3.0163309744148066,0.5068045726728362,-0.12848973539187972,0.49210669569951004,0.3336962438758846,0.17419706042460534
274,3,965.7909432986427,1,1,1809,11.672631478713804,3.0420121614151463,0.5058043117744611,-0.12327259137306344,0.48700939745715865,0.3410724156992814,0.17191818684355997
274,4,1097.642462436324,1,1,1886,11.690073086499268,3.0015906680805937,0.5026511134676565,-0.16440691720147552,0.4872746553552492,0.3388123011664899,0.17391304347826086
275,1,890.3463020247581,0,0,243,11.637944656922517,2.8518518518518516,0.5679012345679012,0.23821986730909342,0.588477366255144,0.24691358024691357,0.1646090534979424
275,2,1091.2186964415584,0,0,242,11.577161258514236,2.8925619834710745,0.5495867768595041,0.23350570939286372,0.5950413223140496,0.25206611570247933,0.15289256198347106
275,3,1144.2452550645185,0,1,272,11.507537763615803,2.8713235294117645,0.5625,0.1387030996469461,0.5845588235294118,0.2610294117647059,0.15441176470588236
275,4,1080.5030223984033,0,1,278,11.4669447480891,2.906474820143885,0.5539568345323741,0.10461734911513318,0.5935251798561151,0.2517985611510791,0.15467625899280577
276,1,824.6552166581475,1,0,1251,11.89540187269108,3.0447641886490806,0.49960031974420466,-0.163706032626813,0.6770583533173461,0.16546762589928057,0.1574740207833733
276,2,1020.0295158157187,1,0,1229,11.839716320300937,3.052888527257933,0.5020341741253052,-0.14230531074255234,0.6908055329536208,0.15378356387306755,0.15541090317331163
276,3,1021.2621084399774,1,1,1246,11.882442352760602,3.110754414125201,0.49518459069020865,-0.1640778091005203,0.6821829855537721,0.15730337078651685,0.16051364365971107
276,4,1155.9102730282725,1,1,1196,11.942524421135927,3.1145484949832776,0.49331103678929766,-0.14813304609597458,0.6797658862876255,0.16137123745819398,0.1588628762541806
277,1,987.605848927241,1,0,842,11.382197058364705,2.978622327790974,0.5534441805225653,0.11661962606432946,0.5463182897862233,0.35748218527315917,0.09619952494061758
277,2,1131.7013227421485,1,0,848,11.415000108666165,3.0035377358490565,0.5471698113207547,0.1172128536705254,0.5459905660377359,0.3561320754716981,0.09787735849056604
277,3,1125.7114787120329,1,1,852,11.543497316281357,3.0082159624413145,0.5422535211267606,0.06913517212219256,0.5446009389671361,0.3568075117370892,0.09859154929577464
277,4,1329.004175873693,1,1,895,11.691569547733518,2.998882681564246,0.5318435754189944,-0.012150990565738515,0.5497206703910614,0.3486033519553073,0.10167597765363129
278,1,940.5934090375788,0,0,445,11.471232787397206,3.0089887640449438,0.5370786516853933,0.11037985000194539,0.6853932584269663,0.1707865168539326,0.14382022471910114
278,2,1104.0893886467336,0,0,464,11.555332303312927,3.0538793103448274,0.5150862068965517,0.0818838819103069,0.6767241379310345,0.16379310344827586,0.15948275862068967
278,3,1203.456095938472,0,1,474,11.551351164492713,3.090717299578059,0.5295358649789029,0.10660633863852664,0.6708860759493671,0.17088607594936708,0.15822784810126583
278,4,1418.4034034253395,0,1,468,11.517121968390576,3.0405982905982905,0.5277777777777778,0.10234279244836683,0.6666666666666666,0.1752136752136752,0.1581196581196581
279,1,968.8129781456834,0,0,162,11.123477459006233,3.0185185185185186,0.6358024691358025,0.3281009123970919,0.8148148148148148,0.12962962962962962,0.05555555555555555
279,2,1371.5701034067192,0,0,164,11.264306549341416,3.1097560975609757,0.6280487804878049,0.26832471655225726,0.8170731707317073,0.12195121951219512,0.06097560975609756
279,3,1593.5094708470033,0,1,192,11.466842362714432,3.0208333333333335,0.5989583333333334,0.06619344084968648,0.8125,0.125,0.0625
279,4,1146.38996474096,0,1,194,11.465274526985427,3.0257731958762886,0.5824742268041238,-0.00240218689344841,0.8041237113402062,0.13402061855670103,0.061855670103092786
280,1,1048.0672103858296,1,0,1971,11.291809677042243,3.0015220700152208,0.5520040588533739,0.11755764239643793,0.7640791476407914,0.15778792491121257,0.07813292744799594
280,2,1235.9719456436837,1,0,1936,11.387704608755659,3.0067148760330578,0.5495867768595041,0.12032025432828251,0.7644628099173554,0.15702479338842976,0.07851239669421488
280,3,1439.6363598517912,1,1,1965,11.43863458962948,2.989821882951654,0.5450381679389313,0.0820005146470108,0.7638676844783715,0.15826972010178117,0.07786259541984733
280,4,1782.3177212283763,1,1,1905,11.40219185718249,2.9874015748031497,0.5616797900262467,0.07977305479356771,0.7674540682414698,0.15643044619422572,0.07611548556430446
281,1,1021.0732006545966,0,0,1662,11.150479539222376,3.007821901323706,0.5956678700361011,0.3814805826023393,0.6582430806257521,0.2563176895306859,0.08543922984356198
281,2,1241.2357922069955,0,0,1607,11.169793632922389,3.042314872433105,0.6023646546359677,0.3536329350186187,0.6540136901057871,0.25886745488487867,0.08711885500933417
281,3,1290.0281959502465,0,1,1600,11.169508750730321,3.04125,0.605625,0.3315798890167762,0.651875,0.2625,0.085625
281,4,1426.1885770490642,0,1,1708,11.301081247771949,3.0357142857142856,0.5837236533957846,0.22266593813610477,0.6504683840749415,0.26990632318501173,0.07962529274004684
282,1,802.926054341898,0,0,950,11.055007058621236,2.9557894736842107,0.6147368421052631,0.32552894961853845,0.6231578947368421,0.2505263157894737,0.12631578947368421
282,2,1056.6922609903759,0,0,929,11.077318623892928,2.960172228202368,0.6017222820236814,0.29362052665373056,0.6167922497308934,0.25080731969860065,0.13240043057050593
282,3,1221.596932499007,0,1,934,11.061107064819382,2.9528907922912206,0.5942184154175589,0.2618626649443755,0.6209850107066381,0.24732334047109208,0.1316916488222698
282,4,1405.4592328404422,0,1,925,11.157244296255994,2.9318918918918917,0.5881081081081081,0.2268969264363107,0.6302702702702703,0.2464864864864865,0.12324324324324325
283,1,828.7959596313964,1,0,337,12.123777207167098,2.9673590504451037,0.47774480712166173,-0.47867405038438166,0.7922848664688428,0.13649851632047477,0.0712166172106825
283,2,872.7824308934821,1,0,339,11.824371691726796,2.96165191740413,0.4837758112094395,-0.35839767914964715,0.7876106194690266,0.13274336283185842,0.07964601769911504
283,3,1073.844504822843,1,1,336,11.563677178322717,2.9285714285714284,0.4851190476190476,-0.37950511239277324,0.7738095238095238,0.13690476190476192,0.08928571428571429
283,4,1118.423333296531,1,1,320,11.222342106347524,2.971875,0.475,-0.33959737582629357,0.759375,0.146875,0.09375
284,1,986.4138457709574,0,0,575,11.156831610183534,2.9391304347826086,0.5443478260869565,0.14159165781007,0.8817391304347826,0.09043478260869565,0.02782608695652174
284,2,1139.696500939866,0,0,566,11.209904837303517,2.9381625441696113,0.5247349823321554,0.0943967882464919,0.8780918727915195,0.09187279151943463,0.030035335689045935
284,3,1324.0407023287403,0,1,630,11.263812251207783,2.9206349206349205,0.5412698412698412,0.12061146703557597,0.8714285714285714,0.09682539682539683,0.031746031746031744
284,4,1511.4421915492217,0,1,675,11.357612850461516,2.9051851851851853,0.5437037037037037,0.07454795766360373,0.8740740740740741,0.0962962962962963,0.02962962962962963
285,1,850.4403714924897,0,0,1057,11.544865561817035,2.9375591296121097,0.521286660359508,0.07979959406062076,0.8107852412488175,0.065279091769158,0.1239356669820246
285,2,1010.3274992397804,0,0,1086,11.502217959629307,2.9714548802946594,0.5313075506445673,0.06982010560710912,0.8121546961325967,0.06906077348066299,0.11878453038674033
285,3,1234.7590926364862,0,1,1121,11.50698602323882,2.9973238180196256,0.5307760927743087,0.04545886522192579,0.8073148974130241,0.06868867082961641,0.1239964317573595
285,4,1293.1187042704282,0,1,1058,11.528653729589466,2.9839319470699435,0.5330812854442344,0.03745575305134169,0.8043478260869565,0.07088846880907372,0.12476370510396975
286,1,862.9935979614835,0,0,1970,11.530167579463285,2.9761421319796955,0.516751269035533,-0.008536773000689953,0.6284263959390863,0.267005076142132,0.10456852791878173
286,2,934.384737912531,0,0,1937,11.500387695305285,2.975219411461022,0.5172947857511616,-0.00805386913460638,0.6344863190500775,0.26484254001032526,0.10067114093959731
286,3,1118.5151486487791,0,1,1901,11.565525108509533,2.965807469752762,0.5223566543924251,-0.02466907105338498,0.64281956864808,0.2609153077327722,0.09626512361914781
286,4,1270.5496373460294,0,1,1866,11.592995719293791,2.9758842443729905,0.5278670953912111,-0.030131029535854455,0.6377277599142551,0.26741693461950694,0.09485530546623794
287,1,1024.7114988361204,1,0,299,11.288390716658176,3.020066889632107,0.5585284280936454,0.20729815626868997,0.5785953177257525,0.35451505016722407,0.06688963210702341
287,2,1243.502243537437,1,0,292,11.264442971933722,3.0205479452054793,0.541095890410959,0.17552970541538418,0.589041095890411,0.3424657534246575,0.0684931506849315
287,3,1251.1806624715693,1,1,297,11.324829612075348,3.0505050505050506,0.5555555555555556,0.1379241407671577,0.5824915824915825,0.3468013468013468,0.0707070707070707
287,4,1338.1404703464348,1,1,314,11.522197072188934,3.0859872611464967,0.5318471337579618,-0.01353175941051098,0.6210191082802548,0.30254777070063693,0.07643312101910828
288,1,736.4375543665806,0,0,437,11.24780578383888,3.0961098398169336,0.5377574370709383,-0.010551221612253475,0.6613272311212814,0.2151029748283753,0.12356979405034325
288,2,939.8557135726621,0,0,421,11.16810581445682,3.0950118764845604,0.5510688836104513,0.02274825246377483,0.665083135391924,0.21377672209026127,0.12114014251781473
288,3,1185.0771576390048,0,1,434,11.105109921308806,3.087557603686636,0.5576036866359447,0.04254339325268575,0.6889400921658986,0.1889400921658986,0.12211981566820276
288,4,1286.7452334499658,0,1,411,11.253570481550621,3.099756690997567,0.5571776155717761,0.06750019530441807,0.6861313868613139,0.19464720194647203,0.1192214111922141
289,1,901.1964277307352,0,0,717,11.510375458187239,3.0474198047419803,0.5160390516039052,0.0038966104530232916,0.5634588563458857,0.37517433751743373,0.061366806136680614
289,2,1026.204042354962,0,0,709,11.576365115285476,3.0070521861777153,0.5021156558533145,0.011357981407140854,0.5684062059238364,0.3709449929478138,0.06064880112834979
289,3,1227.4368401750005,0,1,811,11.690290285178474,3.0456226880394577,0.4969173859432799,0.005892872512491004,0.5696670776818742,0.3686806411837238,0.06165228113440197
289,4,1220.8752356366772,0,1,831,11.694985157041003,3.069795427196149,0.5006016847172082,0.007380055336550708,0.5631768953068592,0.37184115523465705,0.06498194945848375
290,1,1176.6542579418467,1,0,497,11.198580588762571,2.9235412474849096,0.5774647887323944,0.30507402724359767,0.8490945674044266,0.052313883299798795,0.09859154929577464
290,2,1250.7859004512725,1,0,484,11.369408450548807,2.902892561983471,0.5681818181818182,0.2431227742022726,0.8347107438016529,0.05991735537190083,0.10537190082644628
290,3,1585.5572603060007,1,1,504,11.343697563274576,2.9027777777777777,0.5793650793650794,0.2374042020872761,0.8412698412698413,0.05952380952380952,0.0992063492063492
290,4,1450.8961844272098,1,1,522,11.546515920156285,2.9482758620689653,0.5478927203065134,0.06276383624627219,0.8448275862068966,0.05555555555555555,0.09961685823754789
291,1,741.923322829324,0,0,345,10.894025938309401,2.9884057971014495,0.5304347826086957,0.25897002447516804,0.5391304347826087,0.33043478260869563,0.13043478260869565
291,2,949.4419102414067,0,0,334,10.996645017081008,2.9730538922155687,0.5269461077844312,0.2553135445180226,0.5419161676646707,0.32934131736526945,0.12874251497005987
291,3,1177.0574901521559,0,1,318,11.240861142126231,2.9213836477987423,0.5188679245283019,0.19877354257997687,0.5440251572327044,0.330188679245283,0.12578616352201258
291,4,1185.6666825909754,0,1,388,11.445283666107946,2.9716494845360826,0.5128865979381443,0.07834378746786509,0.5489690721649485,0.3170103092783505,0.13402061855670103
292,1,1129.1698582218062,1,0,756,11.21838531385182,2.9722222222222223,0.6031746031746031,0.16695440752547402,0.6058201058201058,0.32936507936507936,0.06481481481481481
292,2,1191.2755564557197,1,0,763,11.289528555469285,2.946264744429882,0.598951507208388,0.12880147969578973,0.6055045871559633,0.3289646133682831,0.0655307994757536
292,3,1310.3401066486163,1,1,741,11.346054375722625,2.9635627530364372,0.5856950067476383,0.10388299038615523,0.6086369770580297,0.3333333333333333,0.058029689608636977
292,4,1345.651695117471,1,1,725,11.217091316175702,2.9489655172413793,0.593103448275862,0.13636315103554308,0.5986206896551725,0.34344827586206894,0.057931034482758624
293,1,835.5754938921544,0,0,166,10.49292234292537,3.3674698795180724,0.5662650602409639,0.16577180390713375,0.8313253012048193,0.12650602409638553,0.04216867469879518
293,2,1030.7442541072348,0,0,157,10.514861143120614,3.299363057324841,0.5796178343949044,0.13556101676141968,0.8407643312101911,0.12738853503184713,0.03184713375796178
293,3,1171.4039998731,0,1,183,10.743160480133957,3.3114754098360657,0.5737704918032787,0.14152105146697305,0.8415300546448088,0.12568306010928962,0.03278688524590164
293,4,1212.708993340633,0,1,207,11.32316538474274,3.2270531400966185,0.5265700483091788,-0.10504820813122581,0.821256038647343,0.14492753623188406,0.033816425120772944
294,1,1048.805121121518,1,0,587,11.919350571306227,3.0562180579216354,0.4752981260647359,-0.12330302229392179,0.6712095400340715,0.17035775127768313,0.15843270868824533
294,2,1220.2918294203914,1,0,604,11.870223414004561,3.0480132450331126,0.4817880794701987,-0.12147690787353714,0.6771523178807947,0.1672185430463576,0.15562913907284767
294,3,1151.822673687227,1,1,568,12.005403645283248,3.0545774647887325,0.49471830985915494,-0.10563518401401623,0.670774647887324,0.1795774647887324,0.14964788732394366
294,4,1427.0418066237194,1,1,564,12.06108231824484,3.0390070921985815,0.50177304964539,-0.1053725294361139,0.6613475177304965,0.20035460992907803,0.13829787234042554
295,1,638.5961594725384,0,0,233,11.979026936132545,2.9570815450643777,0.4892703862660944,-0.36126482286667977,0.7896995708154506,0.12017167381974249,0.09012875536480687
295,2,742.8430116179031,0,0,254,11.771493727595974,2.921259842519685,0.5078740157480315,-0.30513146984761924,0.7834645669291339,0.14173228346456693,0.07480314960629922
295,3,951.9791299703259,0,1,243,11.725750503283471,2.9012345679012346,0.5267489711934157,-0.25538915079712776,0.7860082304526749,0.1522633744855967,0.06172839506172839
295,4,887.5736300589009,0,1,248,11.847724818460401,2.899193548387097,0.5241935483870968,-0.31844639575880146,0.7862903225806451,0.14112903225806453,0.07258064516129033
296,1,794.255591214644,0,0,238,11.79985836903198,2.7563025210084033,0.5672268907563025,0.03109042902650482,0.7773109243697479,0.1722689075630252,0.05042016806722689
296,2,949.1914495185757,0,0,233,11.535340212627556,2.8412017167381975,0.5708154506437768,-0.005519149827714686,0.7896995708154506,0.15879828326180256,0.05150214592274678
296,3,1042.6009379991908,0,1,221,11.579627727573591,2.841628959276018,0.5701357466063348,0.0011178573928650889,0.7873303167420814,0.16289592760180996,0.049773755656108594
296,4,1251.5845630253243,0,1,215,11.730808198108756,2.827906976744186,0.5674418604651162,-0.021931445808742837,0.786046511627907,0.15813953488372093,0.05581395348837209
297,1,1006.0352069101007,0,0,383,10.78072671234465,3.101827676240209,0.6240208877284595,0.2653961589883136,0.814621409921671,0.14360313315926893,0.04177545691906005
297,2,1036.2133245055288,0,0,355,10.817848709200522,3.0788732394366196,0.6281690140845071,0.2869913852174992,0.8056338028169014,0.15774647887323945,0.036619718309859155
297,3,1190.36696734835,0,1,338,10.83516740883207,3.014792899408284,0.5976331360946746,0.2757625756366637,0.7899408284023669,0.16863905325443787,0.04142011834319527
297,4,1379.6059514549502,0,1,324,11.035573883060032,2.9814814814814814,0.5895061728395061,0.23499667409384759,0.7932098765432098,0.16666666666666666,0.040123456790123455
298,1,785.3532466284074,0,0,485,11.447025279973273,2.971134020618557,0.5216494845360825,-0.06533790633849504,0.4762886597938144,0.37731958762886597,0.1463917525773196
298,2,953.7865282865882,0,0,466,11.43416079503693,2.9914163090128754,0.5150214592274678,-0.04739418045541144,0.48068669527896996,0.36909871244635195,0.15021459227467812
298,3,1284.6381894820472,0,1,449,11.537641985890682,2.9487750556792873,0.5189309576837416,-0.04558111595121068,0.47884187082405344,0.36525612472160357,0.155902004454343
298,4,1301.4108724728167,0,1,467,11.409471265207038,2.9785867237687365,0.5331905781584583,-0.0585237266385855,0.4732334047109208,0.3640256959314775,0.16274089935760172
299,1,1106.6979294205103,0,0,327,11.032056212312568,3.0336391437308867,0.5840978593272171,0.1844487247164049,0.8012232415902141,0.14067278287461774,0.0581039755351682
299,2,1126.4628255172909,0,0,348,11.218949656950201,3.0172413793103448,0.5804597701149425,0.12278191680602245,0.7988505747126436,0.13218390804597702,0.06896551724137931
299,3,1153.9706254123055,0,1,333,11.302270270172428,3.069069069069069,0.5945945945945946,0.09361173927373918,0.8108108108108109,0.12312312312312312,0.06606606606606606
299,4,1154.528613759896,0,1,333,11.399228299859478,3.063063063063063,0.5705705705705706,0.0358182671053928,0.8048048048048048,0.12912912912912913,0.06606606606606606
300,1,842.7795229324662,0,0,505,11.530875083732656,3.021782178217822,0.47326732673267324,-0.14408750215407196,0.5445544554455446,0.2316831683168317,0.22376237623762377
300,2,880.2891903109612,0,0,481,11.54639602346033,3.0332640332640333,0.4864864864864865,-0.12852610384058827,0.5696465696465697,0.20374220374220375,0.22661122661122662
300,3,819.2591041994008,0,1,452,11.555592692622797,3.0508849557522124,0.49557522123893805,-0.15573991509523882,0.5796460176991151,0.21017699115044247,0.21017699115044247
300,4,990.4253430351191,0,1,439,11.600260990520784,3.10250569476082,0.5034168564920274,-0.1624479076860895,0.5626423690205011,0.214123006833713,0.22323462414578588
301,1,716.9940973215918,0,0,538,11.04940023673483,3.0353159851301115,0.5613382899628253,0.22885805725448768,0.8308550185873605,0.13382899628252787,0.03531598513011153
301,2,945.3694552620944,0,0,528,10.93168563187168,3.0454545454545454,0.5473484848484849,0.16435223214956635,0.8295454545454546,0.13825757575757575,0.032196969696969696
301,3,1040.030611454176,0,1,523,11.0251620495204,3.032504780114723,0.5449330783938815,0.16591821134085918,0.8393881453154876,0.13193116634799235,0.028680688336520075
301,4,1158.7501847476028,0,1,496,11.176664106562884,3.030241935483871,0.5504032258064516,0.14445687960909262,0.8387096774193549,0.13306451612903225,0.028225806451612902
302,1,704.5480858428105,1,0,1203,12.828237267076089,2.973399833748961,0.33582709891936824,-1.1223236331501356,0.7206982543640897,0.19783873649210307,0.08146300914380715
302,2,647.3870510235448,1,0,1155,12.79466175461113,2.9575757575757575,0.3359307359307359,-1.0670913399472686,0.7272727272727273,0.19653679653679654,0.0761904761904762
302,3,753.20854336425,1,1,1145,12.781250770710672,2.97292576419214,0.36419213973799125,-0.9817433625029889,0.7344978165938865,0.19213973799126638,0.07336244541484715
302,4,827.3680224670798,1,1,1282,12.617832962101282,2.9578783151326054,0.3923556942277691,-0.8738526203106578,0.7269890795631825,0.20046801872074882,0.07254290171606864
303,1,929.662004584388,1,0,1540,11.237951890087011,2.972077922077922,0.5987012987012987,0.33436335555615326,0.9084415584415585,0.06493506493506493,0.026623376623376622
303,2,1278.6456670112666,1,0,1477,11.229709179883999,2.975626269465132,0.5978334461746784,0.32592364366556303,0.909952606635071,0.06499661475964794,0.025050778605280974
303,3,1529.163112839485,1,1,1449,11.281096831153956,2.986887508626639,0.5948930296756384,0.26535760979429734,0.911663216011042,0.06694271911663216,0.02139406487232574
303,4,1537.1133846807163,1,1,1388,11.389825449739403,2.979106628242075,0.5749279538904899,0.18326502012251808,0.9121037463976945,0.0670028818443804,0.02089337175792507
304,1,928.623682319603,1,0,951,10.991809112761878,3.0325972660357516,0.580441640378549,0.32889574400023863,0.7234490010515248,0.11041009463722397,0.1661409043112513
304,2,1166.2975602519725,1,0,982,11.123964334536197,3.0285132382892055,0.5661914460285132,0.23452346394068696,0.7291242362525459,0.10896130346232179,0.16191446028513237
304,3,1420.1297932584341,1,1,931,11.097324005909435,3.0096670247046187,0.5639097744360902,0.2282649136438382,0.7228786251342643,0.11170784103114931,0.16541353383458646
304,4,1463.2204886903553,1,1,931,11.142636608269527,3.0386680988184747,0.5542427497314716,0.18269132568392446,0.7099892588614393,0.11707841031149302,0.17293233082706766
305,1,747.2364208760744,1,0,76,10.660155728315747,3.210526315789474,0.6842105263157895,0.588743341193852,0.618421052631579,0.2631578947368421,0.11842105263157894
305,2,1222.6245592187279,1,0,74,10.658003294826486,3.3378378378378377,0.6756756756756757,0.6000438395768304,0.6351351351351351,0.2702702702702703,0.0945945945945946
305,3,1730.3628609211992,1,1,75,10.343818216992016,3.28,0.6933333333333334,0.6736861634616684,0.6666666666666666,0.25333333333333335,0.08
305,4,1944.3681208563403,1,1,99,10.494893209757624,3.090909090909091,0.6060606060606061,0.3880774219919523,0.696969696969697,0.2222222222222222,0.08080808080808081
306,1,711.1157271508608,1,0,312,11.091940158692053,3.0833333333333335,0.5801282051282052,0.1763628933409028,0.6762820512820513,0.27884615384615385,0.04487179487179487
306,2,908.5658668134704,1,0,299,10.965723106331277,3.0869565217391304,0.5719063545150501,0.17885767260927274,0.6789297658862876,0.27759197324414714,0.043478260869565216
306,3,1165.499120936208,1,1,291,10.922643531474147,3.06872852233677,0.563573883161512,0.16677985462549416,0.6804123711340206,0.26804123711340205,0.05154639175257732
306,4,1214.1613465001667,1,1,312,11.08786561506119,3.019230769230769,0.5288461538461539,0.10664628668630498,0.7019230769230769,0.2467948717948718,0.05128205128205128
307,1,687.6671723539256,1,0,247,12.565879571302467,2.8218623481781377,0.4331983805668016,-0.6609007856246896,0.7449392712550608,0.21052631578947367,0.044534412955465584
307,2,851.1936466070196,1,0,239,12.520802849673181,2.8953974895397487,0.4476987447698745,-0.5995961313054333,0.7531380753138075,0.200836820083682,0.04602510460251046
307,3,865.0429058480804,1,1,229,12.67143020207289,2.943231441048035,0.4410480349344978,-0.5781154431930573,0.7641921397379913,0.19213973799126638,0.043668122270742356
307,4,984.6682992291043,1,1,221,12.730117752881773,3.02262443438914,0.4660633484162896,-0.5209719376849945,0.7601809954751131,0.19909502262443438,0.04072398190045249
308,1,788.4307819488647,0,0,504,11.087746564019593,3.0337301587301586,0.5634920634920635,0.14931235813100593,0.7956349206349206,0.1527777777777778,0.051587301587301584
308,2,998.0702206081389,0,0,462,11.002567269384608,3.034632034632035,0.577922077922078,0.196006202104894,0.7943722943722944,0.15151515151515152,0.05411255411255411
308,3,1061.8420487675119,0,1,507,11.302317202357292,3.0177514792899407,0.5443786982248521,0.05136293762971506,0.8086785009861933,0.14201183431952663,0.04930966469428008
308,4,1298.8601898311074,0,1,483,11.35379679703147,2.9420289855072466,0.5527950310559007,0.08954457480162907,0.8198757763975155,0.13250517598343686,0.047619047619047616
309,1,763.901220428223,1,0,383,11.533709749109613,3.14621409921671,0.5300261096605744,-0.007115029141884932,0.8067885117493473,0.10443864229765012,0.08877284595300261
309,2,908.2972240713606,1,0,409,11.465090259034325,3.163814180929095,0.5232273838630807,-0.0373990659243484,0.8092909535452323,0.11246943765281174,0.07823960880195599
309,3,1048.5156511156165,1,1,392,11.437948831607676,3.1607142857142856,0.5178571428571429,-0.0839838703188513,0.8086734693877551,0.11479591836734694,0.07653061224489796
309,4,1110.4867705011775,1,1,385,11.598942216325323,3.085714285714286,0.5168831168831168,-0.12546444487218109,0.812987012987013,0.11688311688311688,0.07012987012987013
310,1,739.0606156957505,0,0,340,11.244762909191438,2.9941176470588236,0.5088235294117647,-0.09633350389164462,0.5,0.3588235294117647,0.1411764705882353
310,2,917.0583838292679,0,0,411,11.181384089062815,3.021897810218978,0.5401459854014599,0.01653677156988644,0.5182481751824818,0.36009732360097324,0.12165450121654502
310,3,1185.830926024747,0,1,400,11.134447377871162,3.035,0.545,0.02628570428320683,0.5075,0.375,0.1175
310,4,1130.68790904767,0,1,376,11.148524881362436,3.0345744680851063,0.5425531914893617,-0.010781115661519054,0.48936170212765956,0.3882978723404255,0.12234042553191489
311,1,971.8211898045715,1,0,1463,11.329764076457398,3,0.5331510594668489,0.0789401770294987,0.7088174982911825,0.14354066985645933,0.14764183185235816
311,2,1177.167999122033,1,0,1396,11.419755330958843,3.004297994269341,0.5372492836676218,0.08233051666453378,0.7041547277936963,0.1504297994269341,0.14541547277936961
311,3,1223.5326852268006,1,1,1335,11.436962137868857,3.0202247191011238,0.5378277153558052,0.09878007946576817,0.7078651685393258,0.1445692883895131,0.14756554307116104
311,4,1339.5118137308423,1,1,1322,11.505329645466766,2.9992435703479576,0.5416036308623298,0.0950604902472447,0.7049924357034796,0.15431164901664146,0.14069591527987896
312,1,943.547314464754,1,0,895,11.744591633564156,2.993296089385475,0.5050279329608939,-0.0704592503723676,0.5229050279329609,0.288268156424581,0.1888268156424581
312,2,1007.3106696366981,1,0,864,11.784407205014709,2.9872685185185186,0.4861111111111111,-0.13303443406552737,0.5358796296296297,0.2824074074074074,0.18171296296296297
312,3,1151.9720581222464,1,1,931,11.928348059621744,2.979591836734694,0.46616541353383456,-0.21314509125903927,0.5349087003222341,0.280343716433942,0.18474758324382384
312,4,1267.2715840268884,1,1,873,11.93889082506543,2.9610538373424973,0.4742268041237113,-0.20654851699297244,0.5337915234822451,0.281786941580756,0.18442153493699887
313,1,799.2177661921971,0,0,1097,11.137529176670403,3.0100273473108476,0.6007292616226071,0.29599977162448377,0.8359161349134002,0.1276207839562443,0.03646308113035551
313,2,1048.2340534601617,0,0,1130,11.364800401771786,2.9743362831858406,0.5831858407079646,0.22346114673998693,0.8469026548672567,0.11769911504424779,0.035398230088495575
313,3,1425.4977062466949,0,1,1087,11.317624390429872,2.953081876724931,0.5850965961361545,0.23827408845925133,0.8463661453541859,0.11959521619135234,0.03403863845446182
313,4,1467.0036715317794,0,1,1153,11.44620524153195,2.9132697311361664,0.5845620121422377,0.17167296796381937,0.8421509106678231,0.12142237640936687,0.03642671292281006
314,1,620.3288724994011,0,0,89,12.184487817554094,2.9887640449438204,0.5280898876404494,0.10575335192682268,0.651685393258427,0.14606741573033707,0.20224719101123595
314,2,910.626119382926,0,0,111,11.79435387143326,3.1981981981981984,0.5225225225225225,0.08151543114548065,0.6846846846846847,0.12612612612612611,0.1891891891891892
314,3,968.27006153696,0,1,131,11.80469364563816,3.1297709923664123,0.5114503816793893,0.01995661115434301,0.6793893129770993,0.13740458015267176,0.183206106870229
314,4,1806.159666798547,0,1,133,11.711717290204474,3.142857142857143,0.5112781954887218,-0.045080467305602154,0.6766917293233082,0.13533834586466165,0.18796992481203006
315,1,1061.067203975014,1,0,1372,11.582176102333252,3.0473760932944605,0.5357142857142857,0.13435008312065852,0.5021865889212828,0.2886297376093295,0.20918367346938777
315,2,1258.558343552242,1,0,1305,11.574660862511644,3.042911877394636,0.5371647509578544,0.13752921660070394,0.49885057471264366,0.29042145593869734,0.210727969348659
315,3,1414.119650454505,1,1,1242,11.579393843001588,3.0668276972624797,0.537842190016103,0.12903970259689,0.5072463768115942,0.28180354267310787,0.2109500805152979
315,4,1700.2008848932876,1,1,1395,11.523714145711214,3.0516129032258066,0.535483870967742,0.08762515064882902,0.5103942652329749,0.27741935483870966,0.2121863799283154
316,1,1077.7273235791806,1,0,104,10.572719547740226,2.951923076923077,0.5769230769230769,0.29284413738109505,0.8653846153846154,0.07692307692307693,0.057692307692307696
316,2,890.5604603178956,1,0,107,10.697326269841527,2.878504672897196,0.5514018691588785,0.26473870024585044,0.8691588785046729,0.06542056074766354,0.06542056074766354
316,3,1045.373622783177,1,1,102,10.820961373743733,2.9313725490196076,0.5686274509803921,0.25048425292139026,0.8627450980392157,0.06862745098039216,0.06862745098039216
316,4,1227.1630518478785,1,1,100,11.140358909348201,2.92,0.6,0.21180073389224405,0.88,0.04,0.08
317,1,782.6997185921244,0,0,355,11.848676687352791,3.036619718309859,0.49859154929577465,-0.14418236986696184,0.9014084507042254,0.0676056338028169,0.030985915492957747
317,2,943.8284986255935,0,0,372,11.789008646107694,2.954301075268817,0.5,-0.15036949499494234,0.9166666666666666,0.05913978494623656,0.024193548387096774
317,3,1130.306569718885,0,1,364,11.747072086880177,2.892857142857143,0.5247252747252747,-0.14660410280150216,0.9230769230769231,0.054945054945054944,0.02197802197802198
317,4,1257.317799518965,0,1,367,11.904544804797165,2.9700272479564034,0.5231607629427792,-0.12169375608455577,0.9264305177111717,0.05449591280653951,0.01907356948228883
318,1,638.214977329619,0,0,279,12.197684699334614,2.92831541218638,0.4946236559139785,-0.4817909953319817,0.7885304659498208,0.12544802867383512,0.08602150537634409
318,2,909.5330864902894,0,0,266,12.10319573253685,3.0037593984962405,0.5,-0.4472145003063177,0.7819548872180451,0.13533834586466165,0.08270676691729323
318,3,808.5703346995988,0,1,269,12.178284435902306,3.003717472118959,0.5055762081784386,-0.5103702659843787,0.7769516728624535,0.137546468401487,0.08550185873605948
318,4,951.1417819643507,0,1,275,12.090527243864782,3.0072727272727273,0.52,-0.45580110969259696,0.7781818181818182,0.14181818181818182,0.08
319,1,1060.667828582531,0,0,918,11.189223416035905,3.0010893246187362,0.5925925925925926,0.3555007632924087,0.7592592592592593,0.20806100217864923,0.032679738562091505
319,2,1111.5437695969097,0,0,929,11.225203248641057,3.022604951560818,0.5995694294940797,0.30614652064660974,0.7685683530678149,0.1991388589881593,0.03229278794402583
319,3,1235.2585612230255,0,1,890,11.203674950849884,3.0370786516853934,0.5876404494382023,0.26345659066144017,0.7707865168539326,0.19662921348314608,0.03258426966292135
319,4,1390.876379287756,0,1,879,11.26142649536922,3.068259385665529,0.5893060295790671,0.22617571674758968,0.7713310580204779,0.19112627986348124,0.03754266211604096
320,1,742.1509623963408,0,0,139,11.924145461367555,2.920863309352518,0.5179856115107914,-0.11755441096719826,0.7553956834532374,0.1079136690647482,0.1366906474820144
320,2,1014.1514058192603,0,0,131,11.968236628898737,2.9618320610687023,0.5114503816793893,-0.12148708953929396,0.7786259541984732,0.09923664122137404,0.12213740458015267
320,3,1198.5711752964135,0,1,126,12.22305032508107,3.0317460317460316,0.5158730158730159,-0.12632986328054915,0.7777777777777778,0.10317460317460317,0.11904761904761904
320,4,1591.8119447523081,0,1,127,12.467470777958924,2.9291338582677167,0.5196850393700787,-0.08557871499369188,0.7795275590551181,0.09448818897637795,0.12598425196850394
321,1,693.2084254063241,0,0,174,11.29950294685912,3.1494252873563218,0.5804597701149425,0.2009769017638685,0.8160919540229885,0.04597701149425287,0.13793103448275862
321,2,856.9139524464894,0,0,178,11.33175635188777,3.106741573033708,0.5898876404494382,0.12938872252799302,0.8258426966292135,0.03932584269662921,0.1348314606741573
321,3,1073.0472817038985,0,1,183,11.664064362397312,3.1366120218579234,0.5901639344262295,0.12244457864830957,0.825136612021858,0.03825136612021858,0.1366120218579235
321,4,1183.5629974979806,0,1,180,11.400584498045207,3.0833333333333335,0.5833333333333334,0.06271239217722097,0.8222222222222222,0.03888888888888889,0.1388888888888889
322,1,533.7285689733378,1,0,892,12.851046244230107,2.9820627802690582,0.3834080717488789,-0.8754291100462545,0.765695067264574,0.13340807174887892,0.10089686098654709
322,2,651.0957834222586,1,0,853,12.704724833423738,2.9835873388042202,0.3974208675263775,-0.7972768637540104,0.7584994138335287,0.13481828839390386,0.10668229777256741
322,3,699.601439132113,1,1,929,12.70701013429621,2.968783638320775,0.40796555435952636,-0.7555760009498154,0.7610333692142088,0.13455328310010764,0.10441334768568353
322,4,753.7892073320015,1,1,971,12.638686169021396,2.964984552008239,0.41709577754891863,-0.6980905895892922,0.7579814624098867,0.12564366632337795,0.11637487126673532
323,1,889.8791090269901,0,0,1250,11.254083333732398,3.0584,0.5696,0.17499311981492865,0.7152,0.2072,0.0776
323,2,1208.5827668491663,0,0,1260,11.216947754049466,3.0579365079365077,0.5722222222222222,0.17353761521898023,0.7119047619047619,0.21349206349206348,0.0746031746031746
323,3,1202.3147790084035,0,1,1252,11.410031743008796,3.0838658146964857,0.555111821086262,0.040645625855051395,0.7068690095846646,0.21725239616613418,0.07587859424920128
323,4,1417.9739482383125,0,1,1177,11.374358287945244,3.0790144435004247,0.5590484282073067,0.02707759109888452,0.6958368734069669,0.22514868309260833,0.0790144435004248
324,1,699.5700012943175,0,0,301,10.991564756359006,2.9235880398671097,0.5714285714285714,0.3078677644416445,0.8471760797342193,0.10631229235880399,0.046511627906976744
324,2,1069.3844450869847,0,0,314,11.053446640014494,2.8821656050955413,0.5700636942675159,0.29035523752883524,0.8471337579617835,0.10828025477707007,0.044585987261146494
324,3,1376.3317038421214,0,1,299,11.128941066424865,2.923076923076923,0.5618729096989966,0.2477135804162829,0.8561872909698997,0.09364548494983277,0.05016722408026756
324,4,1482.6279363056985,0,1,296,11.220383120109997,2.8885135135135136,0.5202702702702703,0.15127080801843826,0.8648648648648649,0.07432432432432433,0.060810810810810814
325,1,883.8664422405056,0,0,485,11.435531182674204,2.952577319587629,0.5463917525773195,-0.04743537030867239,0.711340206185567,0.2309278350515464,0.0577319587628866
325,2,929.7466137360294,0,0,492,11.436847474810033,2.997967479674797,0.540650406504065,-0.05679552618446099,0.709349593495935,0.22764227642276422,0.06300813008130081
325,3,1059.2329353636965,0,1,449,11.368042426317219,2.9621380846325165,0.5256124721603563,-0.069105606502648,0.7015590200445434,0.23608017817371937,0.062360801781737196
325,4,1094.3037085620947,0,1,461,11.346095403799415,3.0477223427331888,0.5097613882863341,-0.125194118948526,0.6963123644251626,0.23210412147505424,0.07158351409978309
326,1,877.6762552939463,0,0,1311,11.265298398617892,2.948893974065599,0.5621662852784134,0.21087488191450035,0.4919908466819222,0.39511823035850496,0.11289092295957284
326,2,1052.8644181929217,0,0,1305,11.325321505320392,3.003065134099617,0.5586206896551724,0.1965870078714982,0.49731800766283524,0.39233716475095787,0.1103448275862069
326,3,1378.420175972807,0,1,1325,11.32989742756323,3.0015094339622643,0.549433962264151,0.1918039389306308,0.49660377358490565,0.3909433962264151,0.11245283018867924
326,4,1458.406778451295,0,1,1336,11.328245406212348,3.0134730538922154,0.563622754491018,0.20486216117050587,0.5104790419161677,0.38173652694610777,0.10778443113772455
327,1,735.096918429979,0,0,267,11.252348505238922,2.8764044943820224,0.45318352059925093,-0.07058998050176746,0.8052434456928839,0.16104868913857678,0.033707865168539325
327,2,1004.7746281021782,0,0,258,11.224772737287005,2.9147286821705425,0.4573643410852713,-0.0583610249391959,0.8062015503875969,0.16279069767441862,0.031007751937984496
327,3,917.9828483194232,0,1,285,11.803308836429613,2.975438596491228,0.4631578947368421,-0.18349982482941887,0.8105263157894737,0.1543859649122807,0.03508771929824561
327,4,1134.3674026005554,0,1,298,11.823943455355032,3,0.4697986577181208,-0.15888989804875486,0.8187919463087249,0.15100671140939598,0.030201342281879196
328,1,875.2398626134715,0,0,457,10.751924915223011,2.8796498905908097,0.6105032822757112,0.4653116128055795,0.7921225382932167,0.175054704595186,0.03282275711159737
328,2,1081.7648910499609,0,0,654,11.186158312420172,2.9067278287461775,0.5764525993883792,0.24124958444405323,0.7889908256880734,0.1819571865443425,0.0290519877675841
328,3,1178.6936648649357,0,1,635,11.167303108439413,2.930708661417323,0.584251968503937,0.23511632018620204,0.7874015748031497,0.18110236220472442,0.031496062992125984
328,4,1471.6707277699861,0,1,620,11.164125221573366,2.932258064516129,0.5806451612903226,0.1977674556495121,0.7887096774193548,0.18064516129032257,0.03064516129032258
329,1,954.7739243670007,0,0,1372,11.424127691883795,2.9591836734693877,0.6180758017492711,0.34371319580178417,0.4467930029154519,0.33454810495626824,0.21865889212827988
329,2,1291.85802715939,0,0,1431,11.575375313849552,2.994409503843466,0.6072676450034941,0.27837164564758454,0.4416491963661775,0.33403214535290005,0.22431865828092243
329,3,1338.868008482492,0,1,1448,11.526315660367938,3.0200276243093924,0.5987569060773481,0.24338486271944357,0.4488950276243094,0.3328729281767956,0.21823204419889503
329,4,1785.101066839966,0,1,1359,11.534995368732405,3.0176600441501105,0.5960264900662252,0.23375801649305963,0.4540103016924209,0.32818248712288445,0.21780721118469462
330,1,805.8526078074214,0,0,754,11.386476362620426,2.9376657824933687,0.5371352785145889,-0.026326738720882377,0.5318302387267905,0.24005305039787797,0.22811671087533156
330,2,993.2537368490356,0,0,805,11.396189619670528,2.9478260869565216,0.5279503105590062,0.0016627674999530858,0.5341614906832298,0.2372670807453416,0.22857142857142856
330,3,1064.1303478933928,0,1,792,11.42490393747126,2.9823232323232323,0.5214646464646465,-0.0012801324445314533,0.5404040404040404,0.23106060606060605,0.22853535353535354
330,4,1163.6595859474317,0,1,811,11.395279505504675,3.0357583230579532,0.5191122071516646,-0.02909543773075055,0.5388409371146733,0.23674475955610358,0.22441430332922319
331,1,762.524355690153,1,0,1252,12.022456656118951,3.0231629392971247,0.4744408945686901,-0.3443589928374205,0.7276357827476039,0.20527156549520767,0.0670926517571885
331,2,841.1108742111569,1,0,1262,12.030225018725694,3.0229793977812993,0.4714738510301109,-0.3619826387859292,0.7218700475435816,0.21077654516640254,0.06735340729001585
331,3,1046.0936131035694,1,1,1217,12.034203791113855,3.032046014790468,0.4815119145439606,-0.3374349495350989,0.723911257189811,0.20788824979457682,0.06820049301561217
331,4,1096.9011839880784,1,1,1198,12.067334676374767,3.0158597662771287,0.4699499165275459,-0.35053615410161093,0.7270450751252087,0.2028380634390651,0.07011686143572621
332,1,1016.2663506252301,0,0,224,11.355785175398038,3.0267857142857144,0.5133928571428571,0.055537169403363486,0.625,0.25,0.125
332,2,1111.7243107450342,0,0,239,11.573310567925876,3.0502092050209204,0.5230125523012552,0.05770409322048189,0.6276150627615062,0.2594142259414226,0.11297071129707113
332,3,1233.50951946024,0,1,244,11.671393704755227,3.0327868852459017,0.4959016393442623,0.08111222087453869,0.6311475409836066,0.2581967213114754,0.11065573770491803
332,4,1503.1921646012208,0,1,246,11.71811120500583,3.0813008130081303,0.5040650406504065,0.0676489315838184,0.6422764227642277,0.2601626016260163,0.0975609756097561
333,1,997.1434342714858,1,0,574,11.56660914347927,2.926829268292683,0.5278745644599303,-0.0427084551505413,0.7491289198606271,0.13066202090592335,0.12020905923344948
333,2,1233.0045476051196,1,0,596,11.762530595055297,2.9043624161073827,0.5218120805369127,-0.1609925448978951,0.7399328859060402,0.1325503355704698,0.12751677852348994
333,3,1143.5055333276798,1,1,561,11.716177231638627,2.894830659536542,0.5294117647058824,-0.1525621464665956,0.7468805704099821,0.12121212121212122,0.1319073083778966
333,4,1125.7766633654674,1,1,572,11.905190731051157,2.8986013986013988,0.5244755244755245,-0.17521954500701287,0.7307692307692307,0.12237762237762238,0.14685314685314685
334,1,686.0733197559522,1,0,210,11.66044187019581,2.9285714285714284,0.5761904761904761,-0.04036927361354357,0.7380952380952381,0.1761904761904762,0.08571428571428572
334,2,952.099168482951,1,0,252,11.991824681259622,2.9325396825396823,0.5396825396825397,-0.15439137808919973,0.7380952380952381,0.18253968253968253,0.07936507936507936
334,3,1090.0549029579356,1,1,232,12.298259030834545,2.956896551724138,0.5344827586206896,-0.1415119879445921,0.7112068965517241,0.21551724137931033,0.07327586206896551
334,4,1354.1319320886162,1,1,222,12.16891008218981,2.891891891891892,0.545045045045045,-0.13137959191186976,0.7117117117117117,0.21621621621621623,0.07207207207207207
335,1,752.961282690699,0,0,798,10.911702979979534,2.9486215538847116,0.5776942355889725,0.31330676712599786,0.6641604010025063,0.23057644110275688,0.10526315789473684
335,2,980.8004559683718,0,0,774,10.84760687732314,2.956072351421189,0.5813953488372093,0.30813210605891767,0.661498708010336,0.22868217054263565,0.10981912144702842
335,3,1202.6114623303065,0,1,751,10.93808786328715,2.96271637816245,0.5778961384820239,0.288564710620919,0.6644474034620506,0.22503328894806923,0.11051930758988016
335,4,1455.0533864081435,0,1,792,11.034441895052295,2.976010101010101,0.5795454545454546,0.2505307910052467,0.6843434343434344,0.21717171717171718,0.09848484848484848
336,1,896.9785542256682,0,0,256,11.882423123963353,3.0234375,0.49609375,-0.11294847241748417,0.890625,0.06640625,0.04296875
336,2,1263.8774974543585,0,0,292,11.969199454072761,2.993150684931507,0.4863013698630137,-0.11262755259888449,0.8801369863013698,0.07191780821917808,0.04794520547945205
336,3,1079.4800683941767,0,1,261,11.940113067912854,3.0114942528735633,0.4789272030651341,-0.09774165919351709,0.8850574712643678,0.07279693486590039,0.0421455938697318
336,4,1170.2535856018524,0,1,245,11.839619724897984,3.0326530612244897,0.46122448979591835,-0.07105933537895383,0.8857142857142857,0.07346938775510205,0.04081632653061224
337,1,766.5008609149216,0,0,821,10.833797704198046,2.981729598051157,0.5602923264311814,0.20371515489119868,0.5627283800243605,0.24238733252131547,0.19488428745432398
337,2,1016.7671392762294,0,0,813,10.885562716336914,2.993849938499385,0.5596555965559655,0.16451425680683054,0.5707257072570726,0.23001230012300122,0.1992619926199262
337,3,1047.5114138267904,0,1,779,10.933141661319281,2.9922978177150195,0.5571245186136072,0.1436791712483412,0.5789473684210527,0.22593068035943517,0.1951219512195122
337,4,1388.598410202773,0,1,814,11.020543483180004,2.98034398034398,0.5515970515970516,0.040644571863637374,0.5798525798525799,0.22358722358722358,0.19656019656019655
338,1,817.2148867605267,0,0,256,10.762705849980389,3.19921875,0.55078125,0.20594045061373178,0.64453125,0.30078125,0.0546875
338,2,1211.8518826822017,0,0,248,10.727898568939253,3.193548387096774,0.5443548387096774,0.18903275057044538,0.6491935483870968,0.29838709677419356,0.05241935483870968
338,3,1659.7545652826998,0,1,245,10.791395295955915,3.2448979591836733,0.5428571428571428,0.17299972723168963,0.673469387755102,0.27346938775510204,0.053061224489795916
338,4,1420.7003788984246,0,1,238,10.862484914374045,3.189075630252101,0.5546218487394958,0.13752777559036639,0.6638655462184874,0.28991596638655465,0.046218487394957986
339,1,892.507022800086,1,0,294,11.955297511166645,2.877551020408163,0.47619047619047616,-0.26141078990012934,0.8571428571428571,0.09183673469387756,0.05102040816326531
339,2,1020.6553852688623,1,0,301,12.134422123136577,2.916943521594684,0.4684385382059801,-0.29344332945040524,0.867109634551495,0.08970099667774087,0.04318936877076412
339,3,1206.07663902278,1,1,293,12.093350339406724,2.9419795221843,0.46075085324232085,-0.3024480860442725,0.8805460750853242,0.08532423208191127,0.034129692832764506
339,4,1543.5473044718822,1,1,292,12.081393991538775,2.8767123287671232,0.4520547945205479,-0.3719690848117263,0.863013698630137,0.09246575342465753,0.04452054794520548
340,1,820.4424895874022,0,0,562,11.002885616808223,2.9679715302491103,0.5871886120996441,0.2730388749309114,0.8167259786476868,0.12455516014234876,0.05871886120996441
340,2,1052.630744845208,0,0,554,11.085783921228554,2.976534296028881,0.5812274368231047,0.2413948539213263,0.8231046931407943,0.12093862815884476,0.05595667870036101
340,3,1166.054654461806,0,1,564,11.247289980427576,3.024822695035461,0.5726950354609929,0.17602105550072614,0.8156028368794326,0.1276595744680851,0.05673758865248227
340,4,1283.8873981997324,0,1,556,11.262730065430237,3.0575539568345325,0.5701438848920863,0.17690366815641348,0.8129496402877698,0.13129496402877697,0.05575539568345324
341,1,834.3511207342741,1,0,1370,11.501039956660138,2.999270072992701,0.5218978102189781,-0.06674704567833961,0.6671532846715329,0.2145985401459854,0.11824817518248175
341,2,928.3408633462591,1,0,1367,11.551914759501319,2.961960497439649,0.5113386978785662,-0.07194987850260265,0.6649597659107535,0.21360643745427946,0.12143379663496708
341,3,1154.609580400376,1,1,1367,11.5303964941984,2.980248719824433,0.5128017556693489,-0.08832015651085305,0.6700804681784931,0.21360643745427946,0.1163130943672275
341,4,1314.4199927640047,1,1,1349,11.485812748403468,2.9918458117123796,0.5159377316530763,-0.08699776812307317,0.6716085989621943,0.21719792438843588,0.1111934766493699
342,1,862.396661607159,0,0,313,11.332300502768582,3.0191693290734825,0.49201277955271566,0.024058611642116676,0.402555910543131,0.4217252396166134,0.1757188498402556
342,2,1015.1844411171764,0,0,299,11.437686347516792,3.0735785953177257,0.4882943143812709,0.01060975875040435,0.3879598662207358,0.42474916387959866,0.18729096989966554
342,3,1041.3039374621853,0,1,297,11.59946345821065,3.0774410774410774,0.48484848484848486,-0.020606733840362722,0.40404040404040403,0.42424242424242425,0.1717171717171717
342,4,1250.3040573235498,0,1,304,11.563105651913483,3.1578947368421053,0.4769736842105263,-0.02165069153348934,0.40789473684210525,0.4276315789473684,0.16447368421052633
343,1,873.6153071169506,0,0,841,11.800068224002292,3.0499405469678953,0.5017835909631391,-0.12468179466447493,0.816884661117717,0.08323424494649227,0.09988109393579073
343,2,947.5780242624744,0,0,836,11.746501142026874,3.0729665071770333,0.5119617224880383,-0.1097981962377447,0.8265550239234449,0.07775119617224881,0.09569377990430622
343,3,1119.9688125417574,0,1,924,11.66153079876249,3.1233766233766236,0.5183982683982684,-0.05858181026725925,0.8322510822510822,0.07034632034632035,0.09740259740259741
343,4,1179.3921357483619,0,1,928,11.691787527258715,3.0872844827586206,0.5204741379310345,-0.03569796841487525,0.8329741379310345,0.06788793103448276,0.09913793103448276
344,1,949.9745909301721,0,0,327,10.73135543064861,3.1314984709480123,0.5718654434250765,0.442310940925777,0.8654434250764526,0.11009174311926606,0.024464831804281346
344,2,1109.4894373184743,0,0,316,10.837501723364113,3.0854430379746836,0.5569620253164557,0.3844922222659953,0.8575949367088608,0.11708860759493671,0.02531645569620253
344,3,1722.4468768239929,0,1,321,11.039257999291076,3.143302180685358,0.5482866043613707,0.27728720680881025,0.8629283489096573,0.11526479750778816,0.021806853582554516
344,4,1590.703653814343,0,1,311,11.086277926343984,3.0739549839228295,0.5434083601286174,0.24790514095946192,0.8553054662379421,0.1189710610932476,0.02572347266881029
345,1,837.1290723350883,0,0,77,12.37006816536715,2.7012987012987013,0.5974025974025974,0.03635588079998207,0.8701298701298701,0.09090909090909091,0.03896103896103896
345,2,940.4277779919348,0,0,93,12.116737098838527,2.763440860215054,0.6021505376344086,0.07004344859803545,0.8494623655913979,0.11827956989247312,0.03225806451612903
345,3,946.4776828135124,0,1,109,11.988204480241583,2.8440366972477062,0.5871559633027523,0.018289101320344534,0.8623853211009175,0.10091743119266056,0.03669724770642202
345,4,1040.6961917419549,0,1,140,12.025654995884382,2.7071428571428573,0.5857142857142857,0.08111222087453869,0.8714285714285714,0.09285714285714286,0.03571428571428571
346,1,750.056896003384,1,0,247,11.835743974160224,3.0040485829959516,0.48582995951417,-0.4550578612332064,0.7935222672064778,0.145748987854251,0.06072874493927125
346,2,955.7351054620901,1,0,272,11.876085423166035,3,0.5073529411764706,-0.3806020815122476,0.7941176470588235,0.12867647058823528,0.07720588235294118
346,3,1001.4555403741683,1,1,256,11.709363052035826,3.0390625,0.52734375,-0.35421311813189094,0.79296875,0.1328125,0.07421875
346,4,864.332155323263,1,1,248,11.881561132015875,3,0.532258064516129,-0.3404636275696721,0.7903225806451613,0.12903225806451613,0.08064516129032258
347,1,726.1239628447253,0,0,1250,11.441891666539963,3.0248,0.544,0.02647368091151997,0.7056,0.1912,0.1032
347,2,919.8221262704482,0,0,1186,11.44499280269042,3.0564924114671164,0.5539629005059022,0.05560186177639344,0.7032040472175379,0.19308600337268128,0.10370994940978077
347,3,1238.24830368094,0,1,1188,11.402178768227712,3.0303030303030303,0.5521885521885522,0.032889901602289134,0.6986531986531986,0.1919191919191919,0.10942760942760943
347,4,1208.3452377611695,0,1,1209,11.35750271849982,3.011579818031431,0.5459057071960298,0.03568953330507552,0.7096774193548387,0.18114143920595532,0.10918114143920596
348,1,633.4451450686979,1,0,230,11.694811613048572,3.008695652173913,0.46956521739130436,-0.30067881923972256,0.6652173913043479,0.23043478260869565,0.10434782608695652
348,2,770.806197850352,1,0,282,11.784281295703897,2.9290780141843973,0.4787234042553192,-0.2912224380435813,0.6666666666666666,0.2127659574468085,0.12056737588652482
348,3,1014.4767930155961,1,1,281,11.74349092207899,2.8967971530249113,0.5088967971530249,-0.2111578290785268,0.6797153024911032,0.20284697508896798,0.11743772241992882
348,4,991.5514869699614,1,1,289,11.972909472322684,2.8961937716262978,0.532871972318339,-0.17085513310921088,0.657439446366782,0.2041522491349481,0.1384083044982699
349,1,803.3045190632494,0,0,331,11.277739354210993,2.8459214501510575,0.552870090634441,0.1623767537591566,0.5861027190332326,0.2990936555891239,0.1148036253776435
349,2,968.3435783625758,0,0,326,11.3530830358149,2.8282208588957056,0.5644171779141104,0.1571705411239386,0.5797546012269938,0.3006134969325153,0.1196319018404908
349,3,1164.5411326587284,0,1,353,11.593269947610088,2.8243626062322944,0.546742209631728,0.07211023746010946,0.5864022662889519,0.3002832861189802,0.11331444759206799
349,4,1456.7462817299192,0,1,361,11.653911750071423,2.811634349030471,0.5484764542936288,0.07032606689535192,0.5955678670360111,0.3047091412742382,0.0997229916897507
350,1,863.5219540120556,1,0,1969,11.78395838657251,2.984255967496191,0.4936515997968512,-0.2653686789509903,0.5774504824784155,0.30980192991366173,0.1127475876079228
350,2,1016.5468402534609,1,0,1898,11.808877323911412,2.951527924130664,0.49894625922023184,-0.2700057473605235,0.5853530031612223,0.3040042149631191,0.11064278187565858
350,3,1156.2519942094239,1,1,1926,11.795664494464363,2.948078920041537,0.4916926272066459,-0.25565251451511584,0.5893042575285566,0.30062305295950154,0.11007268951194185
350,4,1204.9026465541842,1,1,1866,11.737613251914127,2.9689174705251875,0.49892818863879956,-0.27007873913170893,0.5819935691318328,0.3060021436227224,0.1120042872454448
351,1,895.347130741709,1,0,394,11.711006813451311,3.1192893401015227,0.5380710659898477,-0.08564490407330172,0.748730964467005,0.20812182741116753,0.04314720812182741
351,2,806.223977829549,1,0,384,11.737845502910778,3.1041666666666665,0.5338541666666666,-0.12192305102618432,0.7447916666666666,0.203125,0.052083333333333336
351,3,764.6013422383858,1,1,387,11.883109043366602,3.062015503875969,0.5322997416020672,-0.2671082958295698,0.7493540051679587,0.19638242894056848,0.05426356589147287
351,4,914.0379088673209,1,1,511,11.861667823698866,3.1037181996086107,0.5244618395303327,-0.20590642183450641,0.7534246575342466,0.18786692759295498,0.05870841487279843
352,1,796.2740741692857,1,0,1463,11.255629651998335,3.003417634996582,0.5611756664388243,0.14648768139355955,0.7477785372522214,0.21326042378673957,0.03896103896103896
352,2,969.848312805016,1,0,1555,11.167269313477851,2.99935691318328,0.5633440514469453,0.13709362373306772,0.7453376205787782,0.2180064308681672,0.036655948553054665
352,3,1151.158953357946,1,1,1535,11.215095807481688,2.9993485342019546,0.5615635179153095,0.13502392953763653,0.7452768729641693,0.2182410423452769,0.036482084690553744
352,4,1211.2067665361883,1,1,1471,11.282628047968396,2.980965329707682,0.5615227736233854,0.09568617525639636,0.743031951053705,0.22093813732154996,0.03602991162474507
353,1,859.5075161524026,0,0,775,11.504284045686072,3.0503225806451613,0.5019354838709678,-0.05003829307296852,0.6283870967741936,0.27483870967741936,0.0967741935483871
353,2,1200.5378571005558,0,0,713,11.477617631601918,3.065918653576438,0.5133239831697055,-0.03306980240122357,0.6227208976157083,0.28190743338008417,0.09537166900420757
353,3,1137.5100571511991,0,1,759,11.561090289122575,3.0197628458498023,0.49538866930171277,-0.07544651812144,0.6100131752305665,0.29907773386034253,0.09090909090909091
353,4,1223.7099600672445,0,1,746,11.670312973008384,3.0093833780160857,0.5013404825737265,-0.07139530790498266,0.6099195710455764,0.2975871313672922,0.09249329758713137
354,1,544.7580300384612,1,0,154,11.696691529973748,3,0.5324675324675324,0.014268336347603482,0.6948051948051948,0.23376623376623376,0.07142857142857142
354,2,781.4512993826653,1,0,159,11.823842184335366,3.0125786163522013,0.5157232704402516,0.11179424017093287,0.6729559748427673,0.2389937106918239,0.0880503144654088
354,3,995.215062336528,1,1,188,11.85737693342258,2.984042553191489,0.526595744680851,-0.051252274239575575,0.675531914893617,0.23404255319148937,0.09042553191489362
354,4,1046.1335256199245,1,1,194,11.962565546930572,2.9896907216494846,0.5515463917525774,-0.032854954366858063,0.6701030927835051,0.23711340206185566,0.09278350515463918
355,1,654.894834001449,0,0,1098,12.146587303856037,2.9963570127504555,0.4344262295081967,-0.5100138663396873,0.7768670309653917,0.18579234972677597,0.037340619307832425
355,2,742.3047784983905,0,0,1045,12.101649519797336,3.0114832535885165,0.43923444976076553,-0.457548534262015,0.785645933014354,0.1799043062200957,0.03444976076555024
355,3,943.2589796992734,0,1,1069,11.936580399553797,3.038353601496726,0.45556594948550044,-0.39454426143326093,0.7923292797006548,0.17492984097287184,0.03274087932647334
355,4,934.9678941453982,0,1,1093,11.880763789633543,3.0009149130832573,0.46294602012808783,-0.36018611122381144,0.7804208600182982,0.1838975297346752,0.035681610247026534
356,1,597.8145625163206,1,0,258,12.398056105928413,3.054263565891473,0.4573643410852713,-0.46637231120027023,0.6434108527131783,0.2364341085271318,0.12015503875968993
356,2,627.1322425092652,1,0,267,12.522246029225128,3.0299625468164795,0.49063670411985016,-0.3719828623521525,0.651685393258427,0.2247191011235955,0.12359550561797752
356,3,710.770564159801,1,1,276,12.348746497368131,3.010869565217391,0.4855072463768116,-0.32558669545512803,0.6413043478260869,0.2318840579710145,0.12681159420289856
356,4,1233.3216282669352,1,1,296,12.223793557552339,3.050675675675676,0.5,-0.27451923809626255,0.6351351351351351,0.22635135135135134,0.13851351351351351
357,1,985.7772335367029,1,0,1253,11.69417730899382,2.9848363926576216,0.4828411811652035,-0.14152646043808018,0.7661612130885874,0.10295291300877893,0.13088587390263368
357,2,1005.532920759661,1,0,1214,11.654618233876679,3.018945634266886,0.4802306425041186,-0.13367397127897604,0.7677100494233937,0.10378912685337727,0.128500823723229
357,3,1194.0495798387044,1,1,1187,11.654398485622929,3.028643639427127,0.4785172704296546,-0.14282030120026484,0.7666385846672283,0.09941027801179445,0.13395113732097724
357,4,1399.3841469937934,1,1,1150,11.61356149033032,3.0208695652173914,0.49217391304347824,-0.11114544866312193,0.768695652173913,0.09652173913043478,0.13478260869565217
358,1,897.751207924655,1,0,515,11.504421510092117,2.9320388349514563,0.541747572815534,0.21590267418645584,0.7242718446601941,0.1553398058252427,0.1203883495145631
358,2,1035.25717926358,1,0,526,11.335507848122255,2.9866920152091256,0.5570342205323194,0.21640229828622126,0.7300380228136882,0.15399239543726237,0.11596958174904944
358,3,1291.0360373922508,1,1,567,11.386791923250236,2.947089947089947,0.544973544973545,0.16644132778916956,0.7301587301587301,0.15520282186948853,0.1146384479717813
358,4,1598.542971260811,1,1,552,11.429566290235579,2.949275362318841,0.5561594202898551,0.16738168797477102,0.7336956521739131,0.1431159420289855,0.12318840579710146
359,1,595.1211866696385,1,0,123,10.738119931112362,3.130081300813008,0.6097560975609756,0.24085232894551722,0.6341463414634146,0.2764227642276423,0.08943089430894309
359,2,949.1409553148618,1,0,192,10.876722863463316,3.0052083333333335,0.5625,0.21398260547087866,0.6197916666666666,0.2864583333333333,0.09375
359,3,1054.3828044533414,1,1,185,10.896865421293535,2.9135135135135135,0.5459459459459459,0.18731780624064873,0.6162162162162163,0.2864864864864865,0.0972972972972973
359,4,1365.2758631442173,1,1,181,10.978276787822724,2.8950276243093924,0.5580110497237569,0.18471943905818083,0.6243093922651933,0.27624309392265195,0.09944751381215469
360,1,869.5825896362627,1,0,411,11.506613420406573,3.05352798053528,0.49878345498783455,-0.23588463060243048,0.44768856447688565,0.3746958637469586,0.17761557177615572
360,2,926.7810441154608,1,0,465,11.46789823705713,3.0258064516129033,0.5010752688172043,-0.24142217824339515,0.44946236559139785,0.3634408602150538,0.1870967741935484
360,3,1401.6665426358338,1,1,452,11.332493014392906,2.9601769911504423,0.48451327433628316,-0.21475491218469844,0.4557522123893805,0.3694690265486726,0.1747787610619469
360,4,1229.0005881953864,1,1,487,11.360955644372485,2.9507186858316223,0.4722792607802875,-0.18292261492464237,0.45790554414784396,0.3675564681724846,0.17453798767967146
361,1,945.3926116664285,0,0,551,11.541284786519682,2.9909255898366607,0.5063520871143375,-0.08710988492293276,0.5063520871143375,0.18330308529945555,0.3103448275862069
361,2,1046.6848117830407,0,0,540,11.446335666249764,3.012962962962963,0.4981481481481482,-0.07951331072637008,0.5055555555555555,0.1814814814814815,0.31296296296296294
361,3,1232.6687164562568,0,1,534,11.490032961738587,3.00561797752809,0.4943820224719101,-0.09942178010035825,0.5074906367041199,0.18164794007490637,0.31086142322097376
361,4,1191.3147973302907,0,1,560,11.577850559200582,2.9982142857142855,0.49107142857142855,-0.13643556070214546,0.5107142857142857,0.18214285714285713,0.30714285714285716
362,1,716.6479260293178,0,0,236,10.801482318118287,3.110169491525424,0.6016949152542372,0.22524280755531426,0.6822033898305084,0.22033898305084745,0.09745762711864407
362,2,961.8838921082819,0,0,226,10.680922862494144,3.0707964601769913,0.6017699115044248,0.22330271721759912,0.6814159292035398,0.2345132743362832,0.084070796460177
362,3,1240.6819907741483,0,1,249,10.782770204388168,3.076305220883534,0.5742971887550201,0.14420248338927513,0.7028112449799196,0.21686746987951808,0.08032128514056225
362,4,1215.048104544022,0,1,254,10.850476456079459,3.062992125984252,0.5551181102362205,0.11106725163310022,0.6889763779527559,0.2204724409448819,0.09055118110236221
363,1,1017.9211357757313,0,0,951,10.674835504934105,2.929547844374343,0.6088328075709779,0.4278209036602996,0.7034700315457413,0.1640378548895899,0.13249211356466878
363,2,1155.473882032462,0,0,929,10.67732745324797,2.9128094725511304,0.5984930032292788,0.4166643291837818,0.7072120559741658,0.16469321851453175,0.12809472551130247
363,3,1417.7018685500357,0,1,865,10.722052513185636,2.923699421965318,0.5953757225433526,0.3976145702803917,0.7132947976878613,0.1606936416184971,0.1260115606936416
363,4,1501.8651934280035,0,1,816,10.7354911619927,2.9436274509803924,0.5906862745098039,0.37564842945342236,0.7156862745098039,0.15931372549019607,0.125
364,1,1034.3661427656498,1,0,377,11.106932290622856,3.079575596816976,0.5517241379310345,0.2659547182116333,0.7718832891246684,0.13527851458885942,0.09283819628647215
364,2,1320.7074909506478,1,0,361,11.307127093464965,3.0886426592797784,0.5484764542936288,0.2079425142160108,0.7673130193905817,0.14958448753462603,0.08310249307479224
364,3,1265.883648142837,1,1,346,11.443462259470978,3.0578034682080926,0.5317919075144508,0.14061486952857352,0.7601156069364162,0.1531791907514451,0.08670520231213873
364,4,1197.9755976502474,1,1,348,11.560705474786873,3.0517241379310347,0.5402298850574713,0.0960310008993909,0.7787356321839081,0.14367816091954022,0.07758620689655173
365,1,859.586658565858,1,0,699,10.982382168881735,3.015736766809728,0.6223175965665236,0.5291238253118387,0.6595135908440629,0.1859799713876967,0.15450643776824036
365,2,1141.601979055552,1,0,707,11.176054256312478,2.9745403111739743,0.5926449787835927,0.4417584293678189,0.6619519094766619,0.18528995756718528,0.15275813295615276
365,3,1424.5532137692871,1,1,670,11.236489333232528,2.9582089552238804,0.5805970149253732,0.40415947550223397,0.6626865671641791,0.18358208955223881,0.1537313432835821
365,4,1376.7795234880373,1,1,694,11.31521697316727,2.936599423631124,0.5576368876080692,0.2810324719280337,0.6484149855907781,0.18155619596541786,0.17002881844380405
366,1,789.2066374461614,0,0,281,10.371126906979365,3.3096085409252667,0.604982206405694,0.3807089314803786,0.8469750889679716,0.08540925266903915,0.06761565836298933
366,2,1249.5930255901035,0,0,283,10.562840924027592,3.2614840989399294,0.5830388692579506,0.31849478784241675,0.8692579505300353,0.06713780918727916,0.0636042402826855
366,3,1123.8594291183972,0,1,273,10.636105876327079,3.2857142857142856,0.5787545787545788,0.2963689040902634,0.8608058608058609,0.06593406593406594,0.07326007326007326
366,4,1250.5670546995434,0,1,287,10.749899011743846,3.3344947735191637,0.5888501742160279,0.23253523903619194,0.8466898954703833,0.06968641114982578,0.08362369337979095
367,1,748.9318125176029,0,0,340,11.10677188078676,3.011764705882353,0.5617647058823529,0.17457398985375988,0.638235294117647,0.25588235294117645,0.10588235294117647
367,2,1123.7753563044948,0,0,360,11.287403474646414,3.1055555555555556,0.5583333333333333,0.19300307106093026,0.6472222222222223,0.25277777777777777,0.1
367,3,1276.198783624135,0,1,332,11.072544898651806,3.1265060240963853,0.5572289156626506,0.15013404653168624,0.6445783132530121,0.2560240963855422,0.09939759036144578
367,4,1332.9459873100245,0,1,313,10.978059308284713,3.0894568690095845,0.5686900958466453,0.18592499172006585,0.6421725239616614,0.2523961661341853,0.10543130990415335
368,1,816.1762010584823,0,0,236,10.550926152670211,2.9279661016949152,0.6652542372881356,0.5893621844330631,0.6949152542372882,0.23728813559322035,0.06779661016949153
368,2,1362.9697321949761,0,0,221,10.551512363226053,3.02262443438914,0.6742081447963801,0.5936836992849587,0.7149321266968326,0.22624434389140272,0.058823529411764705
368,3,1515.196337650287,0,1,247,10.87570596715438,2.9635627530364372,0.6234817813765182,0.44224333734656845,0.7408906882591093,0.2145748987854251,0.044534412955465584
368,4,1505.7500088488916,0,1,243,10.871271522744767,2.934156378600823,0.6337448559670782,0.3903545870686974,0.7448559670781894,0.2139917695473251,0.0411522633744856
369,1,1099.2848094243525,1,0,319,11.262276357682053,3.1065830721003134,0.5705329153605015,0.21818728122827483,0.6739811912225705,0.25391849529780564,0.07210031347962383
369,2,1258.5722608662559,1,0,309,11.273630135153313,3.0550161812297736,0.5533980582524272,0.19771045310760693,0.6957928802588996,0.2459546925566343,0.05825242718446602
369,3,1327.153448419503,1,1,323,11.450595060842087,3.0897832817337463,0.5696594427244582,0.1821257562130891,0.6842105263157895,0.26006191950464397,0.05572755417956656
369,4,1512.443524037513,1,1,321,11.474684866986212,3.068535825545171,0.5638629283489096,0.14483074864423456,0.6915887850467289,0.2523364485981308,0.056074766355140186
370,1,832.2422023681081,0,0,313,11.056786536562997,2.8722044728434506,0.6006389776357828,0.08897675347549913,0.6325878594249201,0.21405750798722045,0.15335463258785942
370,2,1276.6408599664774,0,0,308,11.023932625563516,2.892857142857143,0.5974025974025974,0.08459972789333532,0.6233766233766234,0.21103896103896103,0.16558441558441558
370,3,1243.89532604472,0,1,301,11.101459240172488,2.9003322259136213,0.5913621262458472,0.08601906214517115,0.6478405315614618,0.19269102990033224,0.15946843853820597
370,4,1311.7985019582231,0,1,317,11.148917884179399,2.946372239747634,0.5867507886435331,0.046803733057134096,0.6403785488958991,0.17981072555205047,0.17981072555205047
371,1,904.7756957625551,1,0,629,11.172961408100242,3.009538950715421,0.5500794912559619,0.1891962917382136,0.7074721780604134,0.15421303656597773,0.1383147853736089
371,2,1162.5079300806215,1,0,605,11.0927574993405,3.0082644628099175,0.5504132231404959,0.2022132600514795,0.7074380165289256,0.15867768595041323,0.13388429752066117
371,3,1354.885818047374,1,1,571,11.108747220577929,3.0070052539404553,0.5551663747810858,0.17650357966742033,0.7092819614711033,0.15236427320490367,0.138353765323993
371,4,1518.7857793106687,1,1,588,10.957452359962476,3.0391156462585034,0.576530612244898,0.19741781208869263,0.7125850340136054,0.14285714285714285,0.1445578231292517
372,1,921.646552062781,1,0,255,10.745081971175091,3.0313725490196077,0.5803921568627451,0.24732498185730387,0.6666666666666666,0.2235294117647059,0.10980392156862745
372,2,1250.0070166749892,1,0,303,10.98296998882675,2.99009900990099,0.5511551155115512,0.12705024649561827,0.6501650165016502,0.23432343234323433,0.11551155115511551
372,3,1716.1484043857067,1,1,293,10.833601354460729,2.9658703071672354,0.5494880546075085,0.12434104081003194,0.6382252559726962,0.22866894197952217,0.13310580204778158
372,4,1634.3667359104213,1,1,309,11.032440021614567,2.957928802588997,0.5501618122977346,0.06793155114384403,0.6310679611650486,0.23624595469255663,0.13268608414239483
373,1,852.6803520661424,1,0,1372,11.27283528462136,2.9497084548104957,0.5408163265306123,0.11549500690849109,0.7055393586005831,0.16107871720116618,0.13338192419825073
373,2,1053.9132135682266,1,0,1327,11.210510126668389,2.9660889223813114,0.5425772418990203,0.11973016313932192,0.7000753579502638,0.1627731725697061,0.13715146948003015
373,3,1113.7625826492956,1,1,1351,11.271807539003674,2.991117690599556,0.5492227979274611,0.12500722501871894,0.7039230199851961,0.15988156920799407,0.13619541080680977
373,4,1358.9110046535236,1,1,1302,11.34495737717019,3.006912442396313,0.5453149001536098,0.11851229614421427,0.6996927803379416,0.1597542242703533,0.14055299539170507
374,1,1120.5793042152632,1,0,359,11.378453095912642,3.0891364902506964,0.6100278551532033,0.19693015939616293,0.6657381615598886,0.2200557103064067,0.11420612813370473
374,2,1205.5957304185295,1,0,355,11.360424098101632,3.0225352112676056,0.6,0.1790718722489908,0.6704225352112676,0.21971830985915494,0.10985915492957747
374,3,1145.639093407815,1,1,371,11.638926928535493,3.056603773584906,0.5822102425876011,0.1051189908875758,0.6684636118598383,0.22641509433962265,0.10512129380053908
374,4,1204.4591921739468,1,1,380,11.573577579291971,3.0657894736842106,0.5842105263157895,0.0643874832677307,0.6710526315789473,0.23157894736842105,0.09736842105263158
375,1,889.025631132935,0,0,561,11.216890138754136,2.9162210338680925,0.5383244206773619,0.08454274248453145,0.6684491978609626,0.24420677361853832,0.0873440285204991
375,2,1032.7532964575364,0,0,578,11.228545421644245,2.91522491349481,0.5484429065743944,0.1182801157461428,0.671280276816609,0.2370242214532872,0.09169550173010381
375,3,1176.2225206357266,0,1,628,11.396221061186585,2.9187898089171975,0.5286624203821656,0.0047128632950407656,0.6815286624203821,0.24203821656050956,0.07643312101910828
375,4,1275.1286997405887,0,1,600,11.411104463891371,2.9166666666666665,0.5233333333333333,-0.029734314710113206,0.675,0.24666666666666667,0.07833333333333334
376,1,923.6705241628998,0,0,840,11.282215410977564,3.019047619047619,0.5535714285714286,0.13204919838796267,0.8559523809523809,0.09761904761904762,0.04642857142857143
376,2,1090.8807722721642,0,0,922,11.246984154397342,3.0206073752711498,0.5585683297180043,0.13305287584175735,0.8557483731019523,0.09436008676789588,0.049891540130151846
376,3,1244.6264383564617,0,1,925,11.2654913719561,3.037837837837838,0.5448648648648649,0.10980466375476797,0.8583783783783784,0.08972972972972973,0.05189189189189189
376,4,1341.732086828212,0,1,880,11.303624517834638,3.021590909090909,0.5386363636363637,0.08009503132738968,0.8613636363636363,0.09090909090909091,0.04772727272727273
377,1,1134.1702787570187,1,0,385,11.538692621928972,3.036363636363636,0.5532467532467532,0.1802736704423226,0.6311688311688312,0.21038961038961038,0.15844155844155844
377,2,1137.4897295146523,1,0,378,11.53814225072252,3.037037037037037,0.5529100529100529,0.11118658695638363,0.6402116402116402,0.2037037037037037,0.15608465608465608
377,3,1424.5595627937541,1,1,362,11.35819979772434,3.041436464088398,0.5607734806629834,0.10732311616682048,0.6408839779005525,0.20165745856353592,0.1574585635359116
377,4,1415.2281892697074,1,1,346,11.303580682439554,3.0953757225433525,0.5606936416184971,0.0761967846813793,0.63005780346820806,0.20520231213872833,0.16473988439306358
378,1,968.9123375522067,1,0,327,11.254030117977079,2.981651376146789,0.5688073394495413,0.17076177056516434,0.672782874617737,0.14984709480122324,0.17737003058103976
378,2,1358.0725318183158,1,0,353,11.304654437229889,3.039660056657224,0.5439093484419264,0.0016158321302129086,0.6487252124645893,0.1643059490084986,0.18696883852691218
378,3,1430.4987417182717,1,1,337,11.336785622740463,3.050445103857567,0.5519287833827893,-0.002158477127677931,0.6439169139465876,0.16913946587537093,0.18694362017804153
378,4,1658.2587372051107,1,1,317,11.323956105695885,3.078864353312303,0.5488958990536278,0.004165200872540714,0.6403785488958991,0.17350157728706625,0.1861198738170347
379,1,766.447308403694,1,0,360,10.53626380902454,3.0194444444444444,0.6277777777777778,0.3469151516506555,0.7777777777777778,0.12222222222222222,0.1
379,2,1110.9115804810917,1,0,388,10.760541020601803,3.033505154639175,0.6082474226804123,0.2292234081315766,0.7989690721649485,0.11082474226804123,0.09020618556701031
379,3,1219.5463198403684,1,1,382,10.682152450112657,3,0.6178010471204188,0.23084678269465222,0.7905759162303665,0.112565445026178,0.0968586387434555
379,4,1426.3231699480073,1,1,385,10.59354394148705,2.966233766233766,0.612987012987013,0.2370037846147476,0.7896103896103897,0.11688311688311688,0.09350649350649351
380,1,754.2512855403938,1,0,1803,12.503087962260093,3.0127565169162507,0.4348308374930671,-0.5754382165253216,0.7814753189129229,0.1353300055463117,0.08319467554076539
380,2,715.7688188140883,1,0,1898,12.649004811601523,3.017386722866175,0.41938883034773444,-0.7003551711543372,0.7766069546891464,0.136986301369863,0.08640674394099052
380,3,849.6548492283947,1,1,1813,12.499267509138962,3.0259238830667403,0.4302261445118588,-0.6314590732523653,0.7738554881412024,0.14065085493656923,0.08549365692222835
380,4,945.961358564298,1,1,1809,12.474199703004224,3.0281923714759538,0.43725815367606413,-0.5898865072415753,0.7844112769485904,0.1337755666113875,0.08181315644002211
381,1,808.7631987010279,0,0,338,11.428520986028012,3.0502958579881656,0.5532544378698225,0.07793425589883053,0.7692307692307693,0.17751479289940827,0.05325443786982249
381,2,1191.3295723257477,0,0,330,11.534483700549503,3.106060606060606,0.5515151515151515,0.09331849544032686,0.7818181818181819,0.17272727272727273,0.045454545454545456
381,3,1067.8019284487825,0,1,307,11.589061826687093,3.0944625407166124,0.5504885993485342,0.05268392669037406,0.7850162866449512,0.17263843648208468,0.04234527687296417
381,4,932.3527729670452,0,1,476,11.823838022467442,3.033613445378151,0.4894957983193277,-0.23857592251515147,0.7836134453781513,0.17016806722689076,0.046218487394957986
382,1,1111.8645348198077,1,0,735,11.715908539377402,2.9238095238095236,0.4993197278911565,-0.1453487706047485,0.7673469387755102,0.13197278911564625,0.10068027210884353
382,2,965.4855457652618,1,0,714,11.76084460754058,2.8949579831932772,0.5014005602240896,-0.14517683748561455,0.7689075630252101,0.13025210084033614,0.10084033613445378
382,3,1161.2874296682614,1,1,699,11.746675289728131,2.8898426323319026,0.5035765379113019,-0.1370349188021629,0.7725321888412017,0.12732474964234622,0.10014306151645208
382,4,1406.321059045941,1,1,664,11.755515715784457,2.891566265060241,0.5030120481927711,-0.1558806883154328,0.7725903614457831,0.12198795180722892,0.10542168674698796
383,1,653.3897643609688,1,0,131,10.646749296142374,2.8244274809160306,0.549618320610687,0.2973775893264039,0.648854961832061,0.22137404580152673,0.1297709923664122
383,2,977.4634262060201,1,0,134,10.763493755310959,2.828358208955224,0.5597014925373134,0.2748336928390375,0.6492537313432836,0.21641791044776118,0.13432835820895522
383,3,1313.7890921421454,1,1,125,10.80950646736059,2.736,0.552,0.26192783477574744,0.648,0.216,0.136
383,4,1254.1327336806987,1,1,121,10.736057007302401,2.7024793388429753,0.5537190082644629,0.2079834989371248,0.628099173553719,0.23140495867768596,0.14049586776859505
384,1,729.1685147646476,1,0,679,11.746418503268076,2.933726067746686,0.5110456553755522,-0.03456874647575125,0.7540500736377025,0.13991163475699558,0.10603829160530191
384,2,971.9258993815484,1,0,663,11.812407012622677,2.9200603318250375,0.5113122171945701,-0.07016825892498076,0.7541478129713424,0.138763197586727,0.10708898944193061
384,3,1136.880494717903,1,1,655,11.851948960851594,2.9236641221374047,0.49923664122137407,-0.0837687693543241,0.7572519083969466,0.1435114503816794,0.09923664122137404
384,4,1125.2090612160287,1,1,739,11.901643764026575,2.9093369418132613,0.4709066305818674,-0.21788920124736394,0.7496617050067659,0.15020297699594046,0.10013531799729364
385,1,1212.2314126387403,0,0,497,11.958091976704972,3.074446680080483,0.48490945674044267,-0.1851744946193525,0.6016096579476862,0.2414486921529175,0.15694164989939638
385,2,859.2383185237255,0,0,470,11.905211590590431,3.027659574468085,0.4787234042553192,-0.1445740046078,0.6021276595744681,0.23404255319148937,0.16382978723404254
385,3,1058.1484870884876,0,1,467,11.815097545061656,3.0492505353319057,0.4796573875802998,-0.0930254020707919,0.6145610278372591,0.23554603854389722,0.14989293361884368
385,4,1077.6444147827353,0,1,449,11.670484785783401,3.066815144766147,0.5033407572383074,-0.10180066116735752,0.6013363028953229,0.24053452115812918,0.15812917594654788
386,1,954.3494926259369,0,0,754,10.800582947614714,2.8421750663129974,0.623342175066313,0.4868872086061953,0.6339522546419099,0.3222811671087533,0.04376657824933687
386,2,1260.2809846024172,0,0,840,10.892334913984671,2.857142857142857,0.6130952380952381,0.42658854116433054,0.6285714285714286,0.3238095238095238,0.047619047619047616
386,3,1411.917948811513,0,1,799,10.968646891991938,2.853566958698373,0.5944931163954944,0.3396234967745122,0.6345431789737171,0.3216520650813517,0.04380475594493116
386,4,1562.167078225269,0,1,821,11.238217503967263,2.89768574908648,0.5712545676004872,0.233916144417757,0.6248477466504263,0.3313032886723508,0.0438489646772229
387,1,917.9109183744828,0,0,548,10.854211111817047,3.02007299270073,0.6021897810218978,0.4087809003984824,0.7408759124087592,0.14416058394160583,0.11496350364963503
387,2,1250.677992937524,0,0,535,10.896147820571363,3.0429906542056075,0.5981308411214953,0.3816907814126358,0.7252336448598131,0.15700934579439252,0.11775700934579439
387,3,1288.4162447673398,0,1,551,11.039886190941312,3.016333938294011,0.5934664246823956,0.3078181104354961,0.7277676950998185,0.1560798548094374,0.1161524500907441
387,4,1724.6451315173151,0,1,516,10.967016091248473,2.994186046511628,0.5968992248062015,0.2887608219181212,0.7306201550387597,0.15891472868217055,0.11046511627906977
388,1,865.9644074516609,0,0,305,11.325655601484547,3.101639344262295,0.6098360655737705,0.42668986308955786,0.9442622950819672,0.03934426229508197,0.01639344262295082
388,2,1192.1375159177146,0,0,317,11.439153691192551,3.050473186119874,0.5867507886435331,0.32268350752301306,0.9337539432176656,0.0473186119873817,0.01892744479495268
388,3,1522.5005168490363,0,1,314,11.435801995450415,3.070063694267516,0.5764331210191083,0.3031834878686763,0.9394904458598726,0.044585987261146494,0.01592356687898089
388,4,1433.1514637124371,0,1,316,11.560562148251268,3.0632911392405062,0.5664556962025317,0.23577653530939893,0.9367088607594937,0.04430379746835443,0.0189873417721519
389,1,678.4019881396706,0,0,161,11.834711735707835,2.968944099378882,0.5093167701863354,0.019676499405737367,0.782608695652174,0.15527950310559005,0.062111801242236024
389,2,737.8854663914113,0,0,163,11.874478896136873,2.920245398773006,0.50920245398773,-0.04546859369215212,0.7791411042944786,0.15337423312883436,0.06748466257668712
389,3,964.2427314543108,0,1,151,11.423783625146125,2.8940397350993377,0.5033112582781457,-0.0181816461782856,0.7947019867549668,0.1456953642384106,0.059602649006622516
389,4,1101.1775824677782,0,1,139,11.125081486121658,2.8920863309352516,0.5179856115107914,-0.013874256262110253,0.7841726618705036,0.15827338129496402,0.05755395683453238
390,1,701.2553096515295,1,0,484,11.913386059888976,3.018595041322314,0.4731404958677686,-0.37181454293781324,0.6818181818181818,0.19008264462809918,0.128099173553719
390,2,738.4946073018476,1,0,456,11.89115185873802,2.982456140350877,0.4780701754385965,-0.3556546943267266,0.6907894736842105,0.18201754385964913,0.12719298245614036
390,3,813.5407914540689,1,1,477,11.743624415411167,2.949685534591195,0.44654088050314467,-0.4059531068550702,0.7044025157232704,0.16771488469601678,0.1278825995807128
390,4,887.0327593555933,1,1,501,11.699469466671431,2.968063872255489,0.4550898203592814,-0.34688703121568243,0.7125748502994012,0.16766467065868262,0.11976047904191617
391,1,919.676478097325,0,0,287,11.148531373704763,2.808362369337979,0.5818815331010453,0.1832564813234397,0.6933797909407665,0.17421602787456447,0.13240418118466898
391,2,1083.9702762933305,0,0,321,11.33767172028652,2.794392523364486,0.557632398753894,0.11917602411551675,0.6978193146417445,0.17133956386292834,0.1308411214953271
391,3,1363.6544371968287,0,1,303,11.440007893029797,2.8118811881188117,0.5643564356435643,0.11198375577745069,0.7029702970297029,0.16831683168316833,0.12871287128712872
391,4,1361.7803750545581,0,1,298,11.503798461243933,2.8288590604026846,0.540268456375839,0.09042394263501692,0.714765100671141,0.16778523489932887,0.1174496644295302
392,1,988.4260948230366,1,0,551,11.646890811647928,2.9637023593466423,0.5245009074410163,-0.18620740741106176,0.9019963702359347,0.0925589836660617,0.0054446460980036296
392,2,992.9394075189527,1,0,535,11.704666804069744,2.947663551401869,0.5233644859813084,-0.17596485024529776,0.8990654205607477,0.09345794392523364,0.007476635514018692
392,3,1236.2726279534315,1,1,540,11.685661074151325,2.924074074074074,0.5092592592592593,-0.17084939732296525,0.8925925925925926,0.1,0.007407407407407408
392,4,1216.0268768847334,1,1,509,11.749851544874268,2.980353634577603,0.5108055009823183,-0.11910425525466647,0.8939096267190569,0.10019646365422397,0.005893909626719057
393,1,747.703766105896,1,0,226,11.581042401814566,3.066371681415929,0.5353982300884956,0.025265814232835294,0.7964601769911505,0.18584070796460178,0.017699115044247787
393,2,1395.0212546927926,1,0,245,11.732838631622474,3.1918367346938776,0.5346938775510204,-0.04183070512618215,0.8040816326530612,0.17959183673469387,0.0163265306122449
393,3,1403.885251324856,1,1,247,11.53963382640636,3.165991902834008,0.5546558704453441,0.025483895356769936,0.7975708502024291,0.18218623481781376,0.020242914979757085
393,4,1492.47800882087,1,1,237,11.463577596649008,3.1265822784810124,0.5443037974683544,-0.022941548665886196,0.7848101265822784,0.19831223628691982,0.016877637130801686
394,1,754.6367545826697,1,0,576,11.571254911553167,3.013888888888889,0.5086805555555556,-0.06962961895990549,0.5034722222222222,0.3229166666666667,0.1736111111111111
394,2,1179.2819794841735,1,0,578,11.445589546203447,2.9844290657439445,0.5259515570934256,-0.04866567871881235,0.49653979238754326,0.32698961937716264,0.17647058823529413
394,3,1429.3602435154057,1,1,569,11.396626631218654,2.9964850615114234,0.5325131810193322,0.009454882020547334,0.5061511423550088,0.3145869947275923,0.17926186291739896
394,4,1513.1483126864264,1,1,526,11.460418900950247,2.9923954372623576,0.5285171102661597,0.009468041515647674,0.5095057034220533,0.3193916349809886,0.17110266159695817
395,1,709.3273266415242,0,0,401,11.82485324371928,2.9950124688279303,0.5361596009975063,0.12854724464433062,0.7581047381546134,0.14962593516209477,0.09226932668329177
395,2,1067.2586221676468,0,0,386,11.617133079366942,2.9844559585492227,0.5284974093264249,0.10267874743896235,0.7538860103626943,0.14766839378238342,0.09844559585492228
395,3,1003.0500956282297,0,1,384,11.690848109737196,3.046875,0.5416666666666666,0.04404837675029649,0.7760416666666666,0.12760416666666666,0.09635416666666667
395,4,1163.593315912331,0,1,371,11.667327488447588,3.018867924528302,0.5363881401617251,0.0406988140686722,0.784366576819407,0.12668463611859837,0.0889487870619946
396,1,628.4919081590295,0,0,660,11.83267761976066,2.9757575757575756,0.5,-0.2621553449700153,0.7803030303030303,0.17424242424242425,0.045454545454545456
396,2,784.5211304287229,0,0,669,11.754583403353037,3.0358744394618835,0.49327354260089684,-0.24382282208827374,0.7742899850523169,0.17638266068759342,0.04932735426008968
396,3,895.2773523255378,0,1,658,11.856151897211173,3.027355623100304,0.49544072948328266,-0.2595256987202631,0.7689969604863222,0.182370820668693,0.0486322188449848
396,4,987.5970862863327,0,1,666,11.781181201922683,3.078078078078078,0.503003003003003,-0.20691431600166205,0.7657657657657657,0.18768768768768768,0.046546546546546545
397,1,1056.4636239408317,1,0,255,10.982214750354588,3.152941176470588,0.6196078431372549,0.3027877405379309,0.6627450980392157,0.2901960784313726,0.047058823529411764
397,2,1417.8690063688653,1,0,250,11.085820140205357,3.18,0.616,0.26192783477574744,0.652,0.3,0.048
397,3,1643.600605391971,1,1,239,11.090154567798562,3.1715481171548117,0.6276150627615062,0.242347404155682,0.6401673640167364,0.3054393305439331,0.05439330543933055
397,4,2027.909767200771,1,1,214,11.022136433235966,3.1401869158878504,0.6121495327102804,0.16560549839846803,0.6355140186915887,0.3037383177570093,0.06074766355140187
398,1,954.7498761525194,1,0,517,11.34984635213262,2.7678916827853,0.5473887814313346,0.03289310787351734,0.6092843326885881,0.2804642166344294,0.1102514506769826
398,2,1058.2683460963597,1,0,505,11.461789268547294,2.732673267326733,0.5425742574257426,0.03706489212789584,0.6138613861386139,0.2732673267326733,0.11287128712871287
398,3,1287.6672899633418,1,1,501,11.350723118889023,2.730538922155689,0.5469061876247505,0.09674567299638981,0.6107784431137725,0.2834331337325349,0.10578842315369262
398,4,1319.785378742195,1,1,531,11.346391703231584,2.7702448210922785,0.5386064030131826,0.0722620971309823,0.608286252354049,0.2862523540489642,0.10546139359698682
399,1,1094.7713674315505,0,0,573,10.950277652959352,2.9650959860383943,0.5898778359511344,0.21444393554690894,0.6649214659685864,0.2425828970331588,0.0924956369982548
399,2,1085.927340626655,0,0,554,10.98577287268855,2.976534296028881,0.5794223826714802,0.20067789471992462,0.6678700361010831,0.24187725631768953,0.09025270758122744
399,3,1253.3388763949258,0,1,541,11.065751411626348,2.9981515711645104,0.5822550831792976,0.21620853019385655,0.66728280961183,0.23475046210720887,0.09796672828096119
399,4,1414.6801924261501,0,1,547,11.201482797216169,2.9213893967093236,0.5502742230347349,0.04241066903675938,0.6745886654478976,0.2376599634369287,0.08775137111517367
400,1,718.7039399667016,0,0,425,11.416947167082174,2.9435294117647057,0.5388235294117647,0.19326634364960413,0.76,0.10588235294117647,0.13411764705882354
400,2,1059.5296457035658,0,0,437,11.305852499664129,2.926773455377574,0.5469107551487414,0.16314844146886331,0.7574370709382151,0.10068649885583524,0.14187643020594964
400,3,1046.602821764859,0,1,434,11.412573200031089,2.988479262672811,0.5184331797235023,-0.021394235425252286,0.7511520737327189,0.10368663594470046,0.14516129032258066
400,4,1301.9471026530707,0,1,409,11.475349913914194,2.9486552567237165,0.5207823960880196,0.008779847306612219,0.7603911980440098,0.09290953545232274,0.1466992665036675
401,1,1149.8400301464262,1,0,658,11.281570546416056,3.0972644376899696,0.5881458966565349,0.16763207585149315,0.7978723404255319,0.1899696048632219,0.0121580547112462
401,2,1239.325371888488,1,0,636,11.28285753417317,3.1226415094339623,0.5817610062893082,0.19173638219089564,0.7940251572327044,0.19025157232704404,0.015723270440251572
401,3,1316.7720177341848,1,1,639,11.38441085798738,3.1017214397496087,0.5821596244131455,0.108078090872511,0.7965571205007824,0.18935837245696402,0.014084507042253521
401,4,1384.1245436820966,1,1,596,11.376782227982208,3.1426174496644297,0.5671140939597316,0.08847148484652954,0.7936241610738255,0.19630872483221476,0.010067114093959731
402,1,1020.2040556770781,0,0,1372,10.919682327564368,3.063411078717201,0.6013119533527697,0.3852074119642011,0.597667638483965,0.21720116618075802,0.18513119533527697
402,2,1335.7432109794634,0,0,1345,10.9052493360397,3.0684014869888476,0.5888475836431227,0.3581356640869431,0.6007434944237918,0.20743494423791822,0.19182156133828995
402,3,1373.402869036226,0,1,1345,10.981188226084383,3.051301115241636,0.5814126394052045,0.3045611603545742,0.5888475836431227,0.21263940520446098,0.19851301115241635
402,4,1480.5790823825378,0,1,1333,11.076495794635756,3.0412603150787696,0.5701425356339085,0.24895689006636806,0.5978994748687172,0.20705176294073518,0.19504876219054765
403,1,1050.4223284741076,0,0,167,10.761063942192875,3.065868263473054,0.5389221556886228,0.2282453388441889,0.6946107784431138,0.24550898203592814,0.059880239520958084
403,2,1265.80509584031,0,0,168,10.739098785038212,3.0595238095238093,0.5297619047619048,0.1754202231744973,0.6845238095238095,0.25595238095238093,0.05952380952380952
403,3,1081.9287721218875,0,1,193,10.790325444761708,3.082901554404145,0.56476683937823835,0.16389985510571337,0.6735751295336787,0.24870466321243523,0.07772020725388601
403,4,1146.2303853602957,0,1,196,10.961619221967148,3.0153061224489797,0.5510204081632653,0.06832469513895109,0.6785714285714286,0.25,0.07142857142857142
404,1,879.0945161817581,1,0,615,11.244120844314448,3.0260162601626015,0.5707317073170731,0.22469638179665286,0.7577235772357723,0.18699186991869918,0.055284552845528454
404,2,1295.8426107346568,1,0,598,11.338700255225158,3.0217391304347827,0.5668896321070234,0.19786789063425161,0.754180602006689,0.19230769230769232,0.05351170568561873
404,3,1364.1977055913594,1,1,614,11.388868177334782,3.0912052117263844,0.5586319218241043,0.0885473131996279,0.7687296416938111,0.18241042345276873,0.048859934853420196
404,4,1374.993923226695,1,1,648,11.568326332442718,3.0462962962962963,0.5262345679012346,-0.04044820895759041,0.7654320987654321,0.18364197530864199,0.05092592592592592
405,1,567.0668115587152,1,0,146,10.704710789785343,2.5616438356164384,0.547945205479452,0.19576202353127964,0.7602739726027398,0.1780821917808219,0.06164383561643835
405,2,1058.394862637947,1,0,143,10.521520543833791,2.5524475524475525,0.5314685314685315,0.1546628496683905,0.7832167832167832,0.16783216783216784,0.04895104895104895
405,3,1184.7757175063484,1,1,127,10.288155928746459,2.47244094488189,0.5275590551181102,0.14137469451823306,0.7637795275590551,0.1968503937007874,0.03937007874015748
405,4,1542.507072585292,1,1,144,10.552547109946033,2.6944444444444446,0.5138888888888888,0.04630173414988355,0.7916666666666666,0.1527777777777778,0.05555555555555555
406,1,1131.4500324838873,0,0,601,11.294002202896598,2.9334442595673877,0.5906821963394343,0.25455234738642285,0.913477537437604,0.07653910149750416,0.009983361064891847
406,2,1289.708986040412,0,0,638,11.355008889335883,2.9717868338557993,0.567398119122257,0.15827832445136045,0.9200626959247649,0.07210031347962383,0.007836990595611285
406,3,1265.3244071495978,0,1,609,11.435109530646736,3.019704433497537,0.5845648604269293,0.14262462915434804,0.9195402298850575,0.07389162561576355,0.006568144499178982
406,4,1570.6734189175615,0,1,572,11.423052730525102,3.034965034965035,0.5751748251748252,0.15732319156093405,0.9213286713286714,0.07342657342657342,0.005244755244755245
407,1,1182.6625499764757,1,0,524,11.28780725416146,3.00381679389313,0.6125954198473282,0.36417044798728804,0.6622137404580153,0.15839694656488548,0.17938931297709923
407,2,1381.0707395116603,1,0,532,11.40393682831377,3.013157894736842,0.6127819548872181,0.36580292540893644,0.6710526315789473,0.15789473684210525,0.17105263157894737
407,3,1619.2271147450663,1,1,531,11.429746905502718,3.018832391713748,0.6064030131826742,0.31467120081163175,0.6591337099811676,0.1638418079096045,0.17702448210922786
407,4,1825.298944113868,1,1,557,11.25529199158032,2.9910233393177736,0.6032315978456014,0.2960551467263142,0.6552962298025135,0.15978456014362658,0.18491921005385997
408,1,757.7419263050074,0,0,574,11.350371477319698,2.9581881533101044,0.5888501742160279,0.2356541477521889,0.6132404181184669,0.22822299651567945,0.15853658536585366
408,2,1273.7394590687481,0,0,554,11.32655635181313,2.9837545126353793,0.5776173285198556,0.25512874889005305,0.6155234657039711,0.2184115523465704,0.16606498194945848
408,3,1304.383655569367,0,1,532,11.306621475168448,2.960526315789474,0.5827067669172933,0.2419658340748249,0.6203007518796992,0.2161654135338346,0.16353383458646617
408,4,1370.9758131062936,0,1,555,11.260571865451784,2.9855855855855857,0.563963963963964,0.16151234890036384,0.6216216216216216,0.218018018018018,0.16036036036036036
409,1,686.4004267419466,0,0,409,11.226410167299473,3.0513447432762835,0.5990220048899756,0.3331265269667243,0.78239608801956,0.1784841075794621,0.039119804400977995
409,2,943.5351393483071,0,0,401,11.183989661626576,3.0623441396508726,0.600997506234414,0.3165015505933415,0.7980049875311721,0.16708229426433915,0.034912718204488775
409,3,1231.8877760831679,0,1,429,11.329853442966513,3.051282051282051,0.5897435897435898,0.22664857146662842,0.7972027972027972,0.17249417249417248,0.030303030303030304
409,4,1303.4609700907754,0,1,416,11.188335702840178,3.03125,0.5793269230769231,0.2285068985239199,0.7932692307692307,0.17307692307692307,0.03365384615384615
410,1,837.3934636064421,1,0,201,11.939670983876127,3.144278606965174,0.5074626865671642,-0.2887399227266481,0.8208955223880597,0.11940298507462686,0.05970149253731343
410,2,853.9881479095017,1,0,219,11.917549449971787,3.0684931506849313,0.4931506849315068,-0.2832738720612351,0.8356164383561644,0.1095890410958904,0.0547945205479452
410,3,915.3158177271546,1,1,305,12.089592176013644,3.036065573770492,0.4721311475409836,-0.36160869061705914,0.8459016393442623,0.09508196721311475,0.05901639344262295
410,4,1030.2541187557026,1,1,309,12.042951289160102,3,0.4627831715210356,-0.404255078768954,0.8381877022653722,0.10032362459546926,0.061488673139158574
411,1,987.9423776708556,1,0,331,11.34263896348079,2.9516616314199395,0.5558912386706949,-0.022868520869672913,0.7311178247734139,0.2537764350453172,0.015105740181268883
411,2,1028.3498429778535,1,0,349,11.478061189907285,2.896848137535817,0.5501432664756447,-0.015197267366126128,0.7363896848137536,0.2492836676217765,0.014326647564469915
411,3,1139.4692478753877,1,1,485,11.549181794089106,2.954639175257732,0.5484536082474227,0.02380564935639506,0.7463917525773196,0.23505154639175257,0.018556701030927835
411,4,1376.281172934499,1,1,492,11.46876347267792,2.967479674796748,0.5487804878048781,0.059825668887859326,0.75,0.23373983739837398,0.016260162601626018
412,1,827.1728442810839,0,0,321,11.306283133986021,3.1059190031152646,0.5171339563862928,-0.05706077916871867,0.7227414330218068,0.16822429906542055,0.10903426791277258
412,2,798.6545175353134,0,0,316,11.363677830286049,3.0822784810126582,0.4936708860759494,-0.07751784521249744,0.7278481012658228,0.16772151898734178,0.10443037974683544
412,3,1080.8857225384875,0,1,321,11.524260441226085,3.190031152647975,0.5046728971962616,-0.09359087605200164,0.735202492211838,0.17445482866043613,0.09034267912772585
412,4,1042.109989776245,0,1,357,11.661005283746526,3.092436974789916,0.48739495798319327,-0.22114978450292913,0.7226890756302521,0.16526610644257703,0.11204481792717087
413,1,1040.0013841244395,0,0,100,10.93554221668979,3.28,0.61,0.36934305095468334,0.72,0.25,0.03
413,2,993.4433379728034,0,0,113,11.341187661228004,3.0707964601769913,0.5752212389380531,0.19557755079973219,0.7079646017699115,0.26548672566371684,0.02654867256637168
413,3,989.9266827286422,0,1,114,11.489657319583083,2.956140350877193,0.5701754385964912,0.052845058722187144,0.7017543859649122,0.2543859649122807,0.043859649122807015
413,4,1283.9423875100074,0,1,111,11.361963012382727,2.981981981981982,0.5765765765765766,0.059742076514615265,0.6666666666666666,0.27927927927927926,0.05405405405405406
414,1,885.0778381942347,0,0,984,11.600234737187845,2.9613821138211383,0.5772357723577236,0.1632564791821091,0.7510162601626016,0.14329268292682926,0.10569105691056911
414,2,1165.296713858489,0,0,965,11.533485601540747,2.946113989637306,0.5823834196891192,0.17391785454209083,0.7461139896373057,0.13989637305699482,0.11398963730569948
414,3,1337.575002339311,0,1,963,11.47560269498268,2.932502596053998,0.5659397715472482,0.15170918927874588,0.7487019730010385,0.1360332294911734,0.11526479750778816
414,4,1388.1033695876533,0,1,978,11.496581869487077,2.9314928425357873,0.5460122699386503,0.07873253817118804,0.7372188139059305,0.1492842535787321,0.11349693251533742
415,1,986.518529425726,1,0,893,11.65884679376832,2.9451287793952967,0.4658454647256439,-0.2859098153695578,0.522956326987682,0.2866741321388578,0.19036954087346025
415,2,1057.5963571961436,1,0,846,11.585031122710065,2.978723404255319,0.46217494089834515,-0.29556052301534685,0.5236406619385343,0.2895981087470449,0.1867612293144208
415,3,1102.2122099833082,1,1,801,11.606380183632753,2.9712858926342074,0.4681647940074906,-0.24257501764219852,0.5280898876404494,0.2846441947565543,0.18726591760299627
415,4,1138.9176840890023,1,1,808,11.620082735973773,2.9591584158415842,0.4603960396039604,-0.26641411282319427,0.5358910891089109,0.2784653465346535,0.18564356435643564
416,1,661.1551450765178,0,0,425,11.12517665667824,3.0870588235294116,0.548235294117647,0.03298599166495663,0.5788235294117647,0.3623529411764706,0.058823529411764705
416,2,1062.5614953225274,0,0,408,11.20329634589774,3.017156862745098,0.5416666666666666,0.028677096963661084,0.5808823529411765,0.36764705882352944,0.051470588235294115
416,3,1011.4020313567378,0,1,388,11.246591347412325,3.020618556701031,0.5463917525773195,0.03243393347386113,0.5850515463917526,0.3582474226804124,0.05670103092783505
416,4,1124.8701321670214,0,1,375,11.366257503413314,3.064,0.5466666666666666,0.029433566868450646,0.5733333333333334,0.37333333333333335,0.05333333333333334
417,1,727.1877780257437,0,0,205,11.338695822816991,3.053658536585366,0.5121951219512195,0.1865625245623965,0.6536585365853659,0.23902439024390243,0.1073170731707317
417,2,1413.390883740292,0,0,256,11.252525543497072,3.1171875,0.54296875,0.14265218847705405,0.66796875,0.2265625,0.10546875
417,3,1196.6755593860216,0,1,255,11.407425679844705,3.149019607843137,0.5450980392156862,0.1423669765059907,0.6705882352941176,0.22745098039215686,0.10196078431372549
417,4,1159.2333107232732,0,1,244,11.420791411958335,3.1844262295081966,0.5327868852459017,0.13430623161888877,0.6762295081967213,0.21721311475409835,0.10655737704918032
418,1,541.378906578111,0,0,401,12.43635718545393,2.917705735660848,0.4139650872817955,-0.7971611957007383,0.8354114713216958,0.08478802992518704,0.0798004987531172
418,2,564.0568629321976,0,0,378,12.452062096683349,2.9232804232804233,0.4126984126984127,-0.7550498786136065,0.8201058201058201,0.0873015873015873,0.09259259259259259
418,3,682.4221735884868,0,1,376,12.520963416058594,2.9308510638297873,0.425531914893617,-0.7352148542087308,0.8297872340425532,0.08244680851063829,0.08776595744680851
418,4,909.5388679082108,0,1,347,12.647525485035397,2.9596541786743518,0.4265129682997118,-0.7086372611903322,0.8270893371757925,0.0893371757925072,0.08357348703170028
419,1,1102.041643202358,1,0,189,11.879251529631832,3.164021164021164,0.455026455026455,-0.3771074513173505,0.7407407407407407,0.10582010582010581,0.15343915343915343
419,2,879.5632238337421,1,0,210,11.871531058841589,3.1904761904761907,0.4666666666666667,-0.35835241357182207,0.7428571428571429,0.11428571428571428,0.14285714285714285
419,3,954.0675579399418,1,1,194,11.945130826032374,3.252577319587629,0.4536082474226804,-0.33276857342316535,0.7422680412371134,0.12371134020618557,0.13402061855670103
419,4,1147.7469978269658,1,1,194,12.071267380712362,3.2628865979381443,0.4587628865979381,-0.3673739910065854,0.7422680412371134,0.12886597938144329,0.12886597938144329
420,1,606.0854855831996,0,0,496,11.795252476621485,3.0100806451612905,0.46975806451612906,-0.21991025994949537,0.7096774193548387,0.2157258064516129,0.07459677419354839
420,2,792.9690446534405,0,0,476,11.724373146054647,2.9978991596638656,0.4831932773109244,-0.18592140478037897,0.7247899159663865,0.20588235294117646,0.06932773109243698
420,3,1128.3230393013441,0,1,465,11.643657310630129,3.0064516129032257,0.47096774193548385,-0.2194771340778061,0.7333333333333333,0.2021505376344086,0.06451612903225806
420,4,1126.128715019488,0,1,510,11.671834383985983,3.0294117647058822,0.4764705882352941,-0.19602605746948054,0.7274509803921568,0.20784313725490197,0.06470588235294118
421,1,1003.7709148833047,1,0,161,11.807099890141348,2.658385093167702,0.6211180124223602,0.1581153649779684,0.5590062111801242,0.2670807453416149,0.17391304347826086
421,2,967.8273824207647,1,0,184,12.35868131146621,2.652173913043478,0.5652173913043478,-0.11785889967430542,0.5434782608695652,0.32065217391304346,0.1358695652173913
421,3,1049.5578475186678,1,1,204,12.831111768232796,2.7450980392156863,0.5490196078431373,-0.29361243033792556,0.5686274509803921,0.29901960784313725,0.1323529411764706
421,4,994.1549015423394,1,1,195,12.626067583922952,2.7794871794871794,0.558974358974359,-0.26936434986314317,0.6,0.26666666666666666,0.13333333333333333
422,1,870.7532121425116,0,0,392,11.35944324464721,2.8903061224489797,0.6275510204081632,0.18295572941153998,0.7040816326530612,0.22704081632653061,0.06887755102040816
422,2,1034.81711311987,0,0,392,11.276148381551558,2.892857142857143,0.6045918367346939,0.12541186360139575,0.701530612244898,0.23469387755102042,0.06377551020408163
422,3,1049.0343881370222,0,1,377,11.448685377716107,2.976127320954907,0.6047745358090185,0.06247363893367559,0.6949602122015915,0.23607427055702918,0.06896551724137931
422,4,1433.7187356393997,0,1,370,11.478541478906887,3.002702702702703,0.6054054054054054,0.016276009307072885,0.6837837837837838,0.23783783783783785,0.07837837837837838
423,1,686.4758717591767,0,0,183,11.705181870514442,3.1147540983606556,0.5245901639344263,0.0681500021644212,0.6666666666666666,0.26229508196721313,0.07103825136612021
423,2,868.195496734838,0,0,174,11.677576188061213,3.1379310344827585,0.5344827586206896,0.0867710684701723,0.6551724137931034,0.27011494252873564,0.07471264367816093
423,3,1063.3832674014186,0,1,170,11.810075671723178,3.123529411764706,0.5647058823529412,0.17957616903856327,0.6823529411764706,0.24705882352941178,0.07058823529411765
423,4,1458.1146375436363,0,1,175,12.034184959655889,3.0628571428571427,0.5542857142857143,0.13251807433160087,0.6628571428571428,0.2571428571428571,0.08
424,1,639.6315915167811,0,0,918,11.5073444214446,2.997821350762527,0.5337690631808278,-0.09771812269133678,0.7516339869281046,0.14161220043572983,0.10675381263616558
424,2,977.2109599557136,0,0,923,11.51167904562316,2.9761646803900326,0.5297941495124594,-0.09078509826338463,0.7475622968580715,0.14626218851570963,0.10617551462621885
424,3,969.4536423476158,0,1,913,11.533830265152936,2.9649507119386636,0.5334063526834611,-0.06835336607762246,0.7623220153340635,0.13143483023001096,0.10624315443592552
424,4,1230.093979316221,0,1,900,11.615838493628546,2.966666666666667,0.52,-0.1358068406868124,0.76,0.13444444444444445,0.10555555555555556
425,1,806.9092792153441,1,0,339,12.417953557270366,2.949852507374631,0.46607669616519176,-0.32143079059249124,0.7433628318584071,0.17699115044247787,0.07964601769911504
425,2,942.0601689423391,1,0,395,12.304614641348868,2.946835443037975,0.4759493670886076,-0.2779582644324738,0.7215189873417721,0.19746835443037974,0.0810126582278481
425,3,922.3668899545124,1,1,356,12.24000012589641,2.9719101123595504,0.48314606741573035,-0.27895002062414154,0.7275280898876404,0.20224719101123595,0.0702247191011236
425,4,1128.6066041574438,1,1,351,12.265950105518638,2.9401709401709404,0.48717948717948717,-0.25360399763176084,0.7350427350427351,0.19943019943019943,0.06552706552706553
426,1,819.2844834516508,1,0,206,12.123300818243084,3.0436893203883497,0.4563106796116505,-0.25477759347140566,0.6893203883495146,0.24757281553398058,0.06310679611650485
426,2,809.3694641354335,1,0,220,12.118303452532,2.9909090909090907,0.45454545454545453,-0.3282048528982246,0.7181818181818181,0.21363636363636362,0.06818181818181818
426,3,874.2627954268349,1,1,212,12.19256690263488,2.8207547169811322,0.47641509433962265,-0.27271620348846554,0.7264150943396226,0.2028301886792453,0.07075471698113207
426,4,1000.9365592081376,1,1,204,12.171322015132583,2.946078431372549,0.49019607843137253,-0.1988342984153351,0.7303921568627451,0.19607843137254902,0.07352941176470588
427,1,979.2490920573525,0,0,226,11.235029346353738,3.1238938053097347,0.6327433628318584,0.34846203990396984,0.6327433628318584,0.2345132743362832,0.13274336283185842
427,2,1299.2892670254093,0,0,228,11.37515248342819,3.074561403508772,0.6140350877192983,0.3245238949642326,0.6359649122807017,0.2324561403508772,0.13157894736842105
427,3,1242.0818188696132,0,1,232,11.562679354126082,3.0301724137931036,0.5905172413793104,0.23235778388510936,0.6336206896551724,0.22413793103448276,0.14224137931034483
427,4,1396.880479997083,0,1,255,11.802177096526886,2.988235294117647,0.5607843137254902,0.043727513282850225,0.6549019607843137,0.21568627450980393,0.12941176470588237
428,1,1241.6478051900087,1,0,147,11.42556517184966,3.074829931972789,0.5102040816326531,-0.024537098893292243,0.32653061224489793,0.4897959183673469,0.1836734693877551
428,2,1213.968551501367,1,0,144,11.278991945424462,3.1041666666666665,0.5486111111111112,-0.04445417766796739,0.3125,0.5069444444444444,0.18055555555555555
428,3,1267.1042806177759,1,1,134,11.266921600042643,3.0597014925373136,0.5522388059701493,-0.07520096684853966,0.2835820895522388,0.5447761194029851,0.17164179104477612
428,4,1204.8611379556164,1,1,124,11.463755638716414,3.032258064516129,0.5645161290322581,-0.0365536409343763,0.2661290322580645,0.5483870967741935,0.18548387096774194
429,1,1125.4074842854009,1,0,321,11.03503587979976,2.925233644859813,0.6666666666666666,0.3308275014774387,0.7850467289719626,0.14018691588785046,0.07476635514018691
429,2,1081.865799531921,1,0,327,10.981735432152332,2.9571865443425076,0.6513761467889908,0.2917544452621309,0.7737003058103975,0.13761467889908258,0.08868501529051988
429,3,1149.0403532437617,1,1,384,11.090232547420486,3.0104166666666665,0.6119791666666666,0.1997631432596914,0.7838541666666666,0.1328125,0.08333333333333333
429,4,1326.2005741147361,1,1,381,11.16085633479928,3.015748031496063,0.5853018372703412,0.07277180054568431,0.7795275590551181,0.13385826771653545,0.08661417322834646
430,1,966.4102537231836,1,0,402,10.933533428376156,2.8134328358208953,0.5522388059701493,0.1220831988532373,0.5497512437810945,0.27860696517412936,0.17164179104477612
430,2,1021.385769106016,1,0,451,11.111536315176302,2.811529933481153,0.549889135254989,0.0631501420419561,0.5476718403547672,0.2660753880266075,0.18625277161862527
430,3,1101.2602876001731,1,1,452,11.237182725734971,2.8207964601769913,0.5398230088495575,0.044871467628326916,0.5508849557522124,0.2676991150442478,0.18141592920353983
430,4,1320.586804196306,1,1,444,11.323522317341283,2.824324324324324,0.5292792792792793,0.0022846129053871664,0.5540540540540541,0.25,0.19594594594594594
431,1,628.761317613314,1,0,114,12.226570257570708,2.9649122807017543,0.5175438596491229,-0.044519610913690416,0.6403508771929824,0.24561403508771928,0.11403508771929824
431,2,845.0744123894002,1,0,113,12.138461098831227,2.9026548672566372,0.5398230088495575,0.033187290352225854,0.6371681415929203,0.24778761061946902,0.11504424778761062
431,3,1204.6239365363404,1,1,113,12.239229378970553,2.9026548672566372,0.5398230088495575,0.007046419158237032,0.6548672566371682,0.23893805309734514,0.10619469026548672
431,4,1385.2785046534766,1,1,127,11.85559537579333,2.811023622047244,0.5118110236220472,-0.06795810866512628,0.6771653543307087,0.2283464566929134,0.09448818897637795
432,1,1198.6098149510087,0,0,217,11.916566388544421,2.7788018433179724,0.5714285714285714,0.29416889966263543,0.695852534562212,0.25806451612903225,0.04608294930875576
432,2,1140.289422077177,0,0,216,11.798974533576791,2.8518518518518516,0.5555555555555556,0.2957768890099121,0.6944444444444444,0.2638888888888889,0.041666666666666664
432,3,1329.414176436856,0,1,221,11.867975673108209,2.83710407239819,0.5067873303167421,0.23441787443308784,0.6832579185520362,0.2669683257918552,0.049773755656108594
432,4,1122.0226670716083,0,1,214,11.911443384078295,2.883177570093458,0.49065420560747663,0.1689517668152573,0.6728971962616822,0.2803738317757009,0.04672897196261682
433,1,795.3755781939195,0,0,1542,11.488420616352442,2.998702983138781,0.5544747081712063,0.06781883322593497,0.5518806744487679,0.3326848249027237,0.11543450064850844
433,2,1025.102035761884,0,0,1514,11.47909701527572,2.9980184940554824,0.5620871862615587,0.06402558642071192,0.5488771466314399,0.33553500660501984,0.1155878467635403
433,3,1164.6905325727223,0,1,1568,11.428404737900978,2.9904336734693877,0.5593112244897959,0.06021831721728394,0.5497448979591837,0.33418367346938777,0.11607142857142858
433,4,1464.146947574531,0,1,1492,11.397220539504117,2.9859249329758715,0.5656836461126006,0.09071143590393421,0.5522788203753352,0.3324396782841823,0.11528150134048257
434,1,929.6621333921797,0,0,894,11.40055926775809,3.001118568232662,0.5257270693512305,0.10293969768942314,0.5100671140939598,0.3959731543624161,0.09395973154362416
434,2,1134.0721857955875,0,0,874,11.290281513366445,3.01487414187643,0.5205949656750573,0.09227570157963405,0.5022883295194508,0.40160183066361554,0.09610983981693363
434,3,1554.9094785375576,0,1,862,11.348906384444076,3.0359628770301623,0.5185614849187935,0.05774754218132468,0.5139211136890951,0.39327146171693733,0.09280742459396751
434,4,1506.3271397465976,0,1,887,11.45239436677898,2.99098083427283,0.5095828635851184,-0.013294895562322002,0.5253664036076663,0.38895152198421645,0.08568207440811725
435,1,792.0745086035348,0,0,265,11.642018088568598,3.09811320754717,0.5509433962264151,0.25659085233666823,0.8377358490566038,0.10566037735849057,0.05660377358490566
435,2,1147.352861095708,0,0,267,11.671938427475748,3.097378277153558,0.5468164794007491,0.23046764786491306,0.8389513108614233,0.10486891385767791,0.056179775280898875
435,3,1213.6247662286512,0,1,261,11.791646911946671,3.164750957854406,0.5517241379310345,0.20474946682762424,0.842911877394636,0.10344827586206896,0.05363984674329502
435,4,1249.694508930128,0,1,258,11.725564083627514,3.1511627906976742,0.5193798449612403,0.1734004880050198,0.8333333333333334,0.1124031007751938,0.05426356589147287
436,1,963.4029168779476,0,0,3723,11.277212707531255,3.0692989524576952,0.5723878592532904,0.15575420731636574,0.6591458501208702,0.2672575879666935,0.0735965619124362
436,2,1202.874685226913,0,0,3470,11.30869700238053,3.078097982708934,0.5746397694524495,0.15909401686611488,0.6590778097982709,0.2654178674351585,0.07550432276657061
436,3,1401.6711696715063,0,1,3330,11.3261766924104,3.0687687687687686,0.5684684684684684,0.14328724465378762,0.6612612612612613,0.26546546546546546,0.07327327327327328
436,4,1411.9523579648474,0,1,3289,11.421667318940319,3.0833079963514747,0.5396777135907571,0.025224629300746038,0.6555183946488294,0.26938279112192154,0.07509881422924901
437,1,893.7570316031987,0,0,1059,10.980766129279463,2.990557129367328,0.5675165250236072,0.2698157699140999,0.7922568460812087,0.16052880075542966,0.047214353163361665
437,2,1138.534143089589,0,0,1002,10.984583491750932,2.9620758483033933,0.5738522954091816,0.2750563611976174,0.7934131736526946,0.1596806387225549,0.046906187624750496
437,3,1204.5930682778205,0,1,978,11.176786093319992,2.960122699386503,0.5695296523517382,0.22636439203675007,0.787321063394683,0.16155419222903886,0.05112474437627812
437,4,1430.4914311106254,0,1,956,11.24217787147226,2.985355648535565,0.5721757322175732,0.22071829420333353,0.7866108786610879,0.16527196652719664,0.04811715481171548
438,1,674.1208420529397,1,0,2720,12.292594389558875,3.040808823529412,0.4522058823529412,-0.4868983891893196,0.6261029411764706,0.22316176470588237,0.15073529411764705
438,2,774.5875304022418,1,0,2771,12.092124077864467,3.0393359797906894,0.4630097437748105,-0.4243549976867206,0.6192710212919523,0.23132443161313604,0.14940454709491158
438,3,862.8087562871101,1,1,2813,11.996968154783298,3.0472804834696054,0.4667614646285105,-0.3627122037183362,0.6174902239601848,0.2335584784927124,0.14895129754710273
438,4,1049.8682099149203,1,1,2660,11.975178581314513,3.0616541353383457,0.47481203007518796,-0.3261031710368972,0.6112781954887218,0.23308270676691728,0.1556390977443609
439,1,896.9167801701433,0,0,716,11.053509885071866,2.9902234636871508,0.585195530726257,0.28876663669531677,0.6955307262569832,0.25977653631284914,0.0446927374301676
439,2,1284.0961625927123,0,0,686,11.102576479211443,2.9737609329446064,0.5845481049562682,0.2932807601201045,0.6967930029154519,0.25801749271137026,0.04518950437317784
439,3,1483.63417647886,0,1,642,11.21518165148107,2.9828660436137073,0.5716510903426791,0.22179492223038802,0.7071651090342679,0.24766355140186916,0.045171339563862926
439,4,1626.0161029330864,0,1,636,11.346746438322073,2.990566037735849,0.5471698113207547,0.12023883263783033,0.7028301886792453,0.2531446540880503,0.0440251572327044
440,1,897.2069769583937,1,0,950,11.912764162820297,2.988421052631579,0.49894736842105264,-0.18704892407743637,0.5578947368421052,0.18526315789473685,0.25684210526315787
440,2,1105.6616786552067,1,0,976,11.803117244347956,3.0245901639344264,0.5010245901639344,-0.19393750019840253,0.5440573770491803,0.1864754098360656,0.2694672131147541
440,3,1231.6761075569823,1,1,997,11.881042389445698,3.050150451354062,0.5045135406218656,-0.19052329947766003,0.5536609829488466,0.18355065195586762,0.26278836509528586
440,4,1366.0691057297295,1,1,948,11.92752346039375,3.061181434599156,0.5147679324894515,-0.17345126613180023,0.5527426160337553,0.18670886075949367,0.26054852320675104
441,1,693.9649177628436,1,0,1308,12.98605530487739,2.923547400611621,0.3570336391437309,-1.0764619264666315,0.8004587155963303,0.10321100917431193,0.0963302752293578
441,2,614.6204496980223,1,0,1294,12.86390728007201,2.945904173106646,0.38794435857805254,-0.9589365782304982,0.7982998454404946,0.10587326120556415,0.09582689335394126
441,3,708.5144451768957,1,1,1255,12.785899494041145,2.959362549800797,0.40079681274900397,-0.9022077511380109,0.7944223107569721,0.11075697211155379,0.09482071713147411
441,4,783.9368923129134,1,1,1271,12.610639193717942,2.9425649095200628,0.42014162077104644,-0.8210924912027353,0.7930763178599528,0.11172305271439811,0.0952006294256491
442,1,667.6343138107671,1,0,189,11.920771215026456,3.058201058201058,0.455026455026455,-0.21134322881899267,0.7619047619047619,0.13756613756613756,0.10052910052910052
442,2,1037.7909289186193,1,0,181,11.820727680588966,2.994475138121547,0.4585635359116022,-0.23366579522993966,0.7569060773480663,0.13812154696132597,0.10497237569060773
442,3,1007.6822226916391,1,1,172,11.67638077766504,2.8313953488372094,0.47674418604651164,-0.2519582168896036,0.7616279069767442,0.1511627906976744,0.0872093023255814
442,4,1001.4832430546738,1,1,185,12.131298137480133,2.8324324324324324,0.4486486486486487,-0.4063689966942807,0.7513513513513513,0.15135135135135136,0.0972972972972973
443,1,726.1808100978559,0,0,154,11.662339769354935,3.0194805194805197,0.5454545454545454,0.14388734721287785,0.7402597402597403,0.11688311688311688,0.14285714285714285
443,2,783.3432853248198,0,0,160,11.87760947260747,2.99375,0.51875,0.06041241359005625,0.7125,0.13125,0.15625
443,3,1160.9691277770876,0,1,158,11.752981009701474,2.949367088607595,0.5253164556962026,0.08904372417889049,0.7151898734177216,0.14556962025316456,0.13924050632911392
443,4,1450.2905295643263,0,1,149,11.952825842814477,3.0201342281879193,0.5167785234899329,0.07180049911406047,0.7114093959731543,0.1342281879194631,0.15436241610738255
444,1,848.5190727656995,0,0,505,12.097209031471342,3.0574257425742575,0.4514851485148515,-0.5203952644443045,0.8237623762376237,0.06534653465346535,0.11089108910891089
444,2,836.8606710149478,0,0,503,12.124928137311437,2.9980119284294235,0.44731610337972166,-0.5089062503667833,0.8190854870775348,0.061630218687872766,0.11928429423459244
444,3,876.0951299012763,0,1,497,12.046257330468073,2.9637826961770624,0.43259557344064387,-0.49621755018780034,0.8169014084507042,0.06639839034205232,0.11670020120724346
444,4,772.9215695477086,0,1,552,11.988271316978427,2.9981884057971016,0.427536231884058,-0.49342297073471536,0.802536231884058,0.07608695652173914,0.1213768115942029
445,1,1040.1437679810206,1,0,226,11.258513559337858,3.0088495575221237,0.6283185840707964,0.35994818027708614,0.7079646017699115,0.18141592920353983,0.11061946902654868
445,2,1140.8122429020643,1,0,231,11.367226998100001,3.017316017316017,0.6277056277056277,0.32388145946077007,0.7056277056277056,0.19480519480519481,0.09956709956709957
445,3,1264.8726716368426,1,1,232,11.380710587333589,3.038793103448276,0.5948275862068966,0.19763303727553957,0.7068965517241379,0.1939655172413793,0.09913793103448276
445,4,1382.6074910530222,1,1,252,11.510976585956596,3.0595238095238093,0.5674603174603174,0.10420080900823854,0.6984126984126984,0.20238095238095238,0.0992063492063492
446,1,901.4736836538846,1,0,1057,11.388392604118552,2.989593188268685,0.5458845789971618,0.07158509077352143,0.8599810785241249,0.08893093661305582,0.0510879848628193
446,2,1202.747556428537,1,0,977,11.282806991015752,2.9897645854657116,0.5496417604912999,0.09013678484044213,0.8546571136131014,0.09416581371545547,0.0511770726714432
446,3,1265.0391930069945,1,1,965,11.325120058204746,3.02279792746114,0.5606217616580311,0.06371986074193897,0.8580310880829015,0.08808290155440414,0.0538860103626943
446,4,1338.2668882030357,1,1,988,11.396821027518353,2.980769230769231,0.5344129554655871,0.03572168164912803,0.861336032388664,0.0840080971659919,0.05465587044534413
447,1,615.8949015844992,0,0,1199,13.019761392018633,2.979983319432861,0.3611342785654712,-1.0524288792456122,0.7164303586321935,0.1901584653878232,0.09341117597998332
447,2,620.6226129798391,0,0,1158,12.804576098965445,2.981865284974093,0.38255613126079446,-0.9349108083827536,0.7072538860103627,0.20120898100172713,0.09153713298791019
447,3,660.7749767775292,0,1,1155,12.703627011848733,2.963636363636364,0.41385281385281386,-0.8359858748350125,0.7038961038961039,0.20346320346320346,0.09264069264069263
447,4,772.6667936333836,0,1,1083,12.60384564489393,2.953831948291782,0.4182825484764543,-0.8046335194929333,0.7128347183748845,0.19667590027700832,0.0904893813481071
448,1,706.8844659728769,1,0,427,11.651134015181109,3.002341920374707,0.48243559718969553,-0.08082816651466501,0.7236533957845434,0.18266978922716628,0.0936768149882904
448,2,809.5402846725389,1,0,426,11.782130477974233,3.004694835680751,0.4647887323943662,-0.13825688258948532,0.7230046948356808,0.1807511737089202,0.09624413145539906
448,3,895.5117628784466,1,1,480,12.03200638425368,2.96875,0.45416666666666666,-0.24635500067096727,0.7125,0.18333333333333332,0.10416666666666667
448,4,943.9513211327509,1,1,461,11.680099384636993,2.9609544468546636,0.44468546637744033,-0.24169652261331548,0.7093275488069414,0.1843817787418655,0.10629067245119306
449,1,898.2708926568272,1,0,1970,11.80886329735316,3.0543147208121826,0.47258883248730965,-0.23822540150514043,0.6690355329949239,0.24111675126903553,0.08984771573604061
449,2,911.1114805703394,1,0,1988,11.747571371551105,3.0593561368209254,0.4778672032193159,-0.2421780424406691,0.6659959758551308,0.24798792756539234,0.08601609657947686
449,3,1086.4146479670749,1,1,1887,11.715217906437745,3.045574986751457,0.48277689454160044,-0.22070252605112797,0.6677265500794912,0.25066242713301534,0.08161102278749338
449,4,1102.3862042449512,1,1,1963,11.762222278364833,3.0448293428425877,0.47529291900152826,-0.25434372997464705,0.6719307182883342,0.2435048395313296,0.08456444218033622
450,1,609.7574022672228,0,0,299,12.381983945668162,3.1237458193979935,0.4782608695652174,-0.25613204062370903,0.8361204013377926,0.11036789297658862,0.05351170568561873
450,2,1017.9538837231137,0,0,289,12.203393208135417,3.069204152249135,0.48788927335640137,-0.18448336122879905,0.8373702422145328,0.11072664359861592,0.05190311418685121
450,3,1051.724813707299,0,1,310,11.918033827493433,3.032258064516129,0.5258064516129032,-0.1510432463509034,0.8290322580645161,0.11935483870967742,0.05161290322580645
450,4,1136.3959207902237,0,1,290,11.826662700675291,3.003448275862069,0.5448275862068965,-0.10871639392444284,0.8310344827586207,0.11724137931034483,0.05172413793103448
451,1,615.4356219284734,0,0,139,13.022201659196325,3.028776978417266,0.539568345323741,-0.3262026726097356,0.6115107913669064,0.2014388489208633,0.18705035971223022
451,2,1013.4687821826228,0,0,154,13.243510931310142,3.051948051948052,0.5064935064935064,-0.4228325433415729,0.6818181818181818,0.17532467532467533,0.14285714285714285
451,3,794.245651476139,0,1,138,13.274418845415873,2.9927536231884058,0.4927536231884058,-0.4209371590922269,0.6739130434782609,0.17391304347826086,0.15217391304347827
451,4,973.8274938113204,0,1,140,13.247431654211645,2.9785714285714286,0.4928571428571429,-0.4169619065265986,0.6714285714285714,0.17857142857142858,0.15
452,1,1097.488860942997,1,0,369,11.063034637388617,2.907859078590786,0.5799457994579946,0.2355155295870335,0.8672086720867209,0.06233062330623306,0.07046070460704607
452,2,1355.8001101698042,1,0,371,11.003113388307362,2.943396226415094,0.568733153638814,0.23444189266634857,0.8814016172506739,0.05660377358490566,0.06199460916442048
452,3,1829.5896539080854,1,1,358,11.16616039005354,2.994413407821229,0.55027932960893855,0.25663708530101215,0.8798882681564246,0.061452513966480445,0.05865921787709497
452,4,1606.1350884557444,1,1,370,11.10989010507483,2.9891891891891893,0.5378378378378378,0.16893141788569574,0.8756756756756757,0.062162162162162166,0.062162162162162166
453,1,835.8704711298479,0,0,643,11.324464372554221,3.0637636080870916,0.5396578538102644,0.14716784565020624,0.7402799377916018,0.17262830482115085,0.08709175738724728
453,2,1013.5533160391522,0,0,673,11.365624671418134,3.028231797919762,0.524517087667162,0.13930211324487607,0.7518573551263001,0.1649331352154532,0.08320950965824665
453,3,1293.0784612411987,0,1,692,11.45655918296714,3.005780346820809,0.5361271676300579,0.10750035201676283,0.7514450867052023,0.1676300578034682,0.08092485549132948
453,4,1196.6898148884559,0,1,690,11.490532754169404,2.96231884057971,0.5202898550724637,0.047901719253998123,0.755072463768116,0.1681159420289855,0.07681159420289856
454,1,560.8893638951897,0,0,1057,12.888409220185165,2.9829706717123936,0.3651844843897824,-0.8807044913237145,0.489120151371807,0.29706717123935666,0.21381267738883633
454,2,718.0677412818335,0,0,1085,12.79312385805223,2.999078341013825,0.38894009216589864,-0.7314731644975266,0.48663594470046084,0.2967741935483871,0.21658986175115208
454,3,669.9869231684638,0,1,1022,12.547423369733714,2.987279843444227,0.4041095890410959,-0.6454119296507983,0.4892367906066536,0.2984344422700587,0.21232876712328766
454,4,719.1589812147097,0,1,996,12.365282762663375,2.9889558232931726,0.4126506024096386,-0.5432297359486438,0.4929718875502008,0.2891566265060241,0.2178714859437751
455,1,826.0098448429859,1,0,797,12.01857305947531,2.9523212045169385,0.4341279799247177,-0.5364354225381328,0.7616060225846926,0.13676286072772897,0.10163111668757842
455,2,849.7370700966884,1,0,911,12.042784546458087,2.8968166849615806,0.4566410537870472,-0.4639718550060384,0.7508232711306256,0.1437980241492865,0.10537870472008781
455,3,1059.3779281243144,1,1,916,11.909503395810011,2.8657205240174672,0.46397379912663755,-0.43876491710939414,0.7489082969432315,0.14301310043668122,0.10807860262008734
455,4,1269.4682605682322,1,1,940,11.865581970522088,2.8606382978723404,0.474468085106383,-0.39082910127333925,0.7425531914893617,0.14574468085106382,0.11170212765957446
456,1,965.3607348540135,0,0,842,11.204659796868286,2.9631828978622328,0.5795724465558195,0.2627953210821807,0.7933491686460807,0.14608076009501186,0.060570071258907364
456,2,1243.2573959784384,0,0,822,11.326769533153414,2.9476885644768855,0.5742092457420924,0.23716048201040157,0.7944038929440389,0.145985401459854,0.05961070559610705
456,3,1239.177534833108,0,1,824,11.450259627662478,2.9405339805825244,0.5570388349514563,0.17964134817459418,0.8094660194174758,0.1383495145631068,0.05218446601941747
456,4,1502.2719164559337,0,1,809,11.324869574010094,2.953028430160692,0.5587144622991347,0.18672390592068033,0.8121137206427689,0.13473423980222496,0.05315203955500618
457,1,756.2154905964347,1,0,418,10.78425416678758,3.083732057416268,0.5789473684210527,0.14578406155643392,0.5334928229665071,0.27751196172248804,0.18899521531100477
457,2,1168.585217905057,1,0,411,10.775613242617863,3.097323600973236,0.5717761557177615,0.12456180649436374,0.5328467153284672,0.2822384428223844,0.18491484184914841
457,3,1200.0755968955161,1,1,388,10.90703839124808,3.064432989690722,0.5592783505154639,0.0979535240984698,0.5438144329896907,0.2757731958762887,0.18041237113402062
457,4,1368.308154947043,1,1,375,11.338395693470341,3.042666666666667,0.5306666666666666,-0.047905388780383196,0.5226666666666666,0.296,0.18133333333333335
458,1,1113.5884706314125,1,0,416,10.585904401034668,2.954326923076923,0.5673076923076923,0.348359213050497,0.7115384615384616,0.1875,0.10096153846153846
458,2,1111.6163244556637,1,0,424,10.65994547544826,3.0330188679245285,0.5660377358490566,0.26520433665290366,0.71698113207547165,0.18160377358490565,0.10141509433962265
458,3,1494.261419676074,1,1,416,10.611888316113996,3.0528846153846154,0.5576923076923077,0.21968473533614669,0.7211538461538461,0.1778846153846154,0.10096153846153846
458,4,1643.9974436689993,1,1,394,10.694007440553195,3.0558375634517767,0.5710659898477157,0.2485509144529561,0.7131979695431472,0.18274111675126903,0.10406091370558376
459,1,646.3992252822164,1,0,631,12.303839038973845,2.987321711568938,0.45800316957210774,-0.3869497254836216,0.6561014263074485,0.20443740095087162,0.13946117274167988
459,2,897.5837313844187,1,0,604,12.165844140162516,3,0.4768211920529801,-0.36407998304588546,0.6589403973509934,0.20198675496688742,0.1390728476821192
459,3,882.7310931015244,1,1,592,12.228277812706555,3.0253378378378377,0.4797297297297297,-0.35178440626551405,0.6554054054054054,0.19594594594594594,0.14864864864864866
459,4,1013.4036122100539,1,1,596,12.147072169780339,2.9681208053691277,0.47315436241610737,-0.31088122742946395,0.6510067114093959,0.2063758389261745,0.14261744966442952
460,1,879.8839705201335,1,0,494,11.51860132603324,3.0991902834008096,0.5384615384615384,-0.07997436344238777,0.7145748987854251,0.17813765182186234,0.10728744939271255
460,2,1073.1593330075361,1,0,480,11.476752455421357,3.05625,0.5333333333333333,-0.09455641391809605,0.7,0.18958333333333333,0.11041666666666666
460,3,1287.6667534340004,1,1,513,11.676660624757591,3.091617933723197,0.5165692007797271,-0.14633374125873444,0.7037037037037037,0.18128654970760233,0.11500974658869395
460,4,1383.383863802295,1,1,512,11.511370162693568,3.0078125,0.5078125,-0.1230885807156259,0.708984375,0.169921875,0.12109375
461,1,802.7176834681611,0,0,715,11.620317008042496,2.9958041958041957,0.5706293706293706,0.1361343508403223,0.855944055944056,0.1006993006993007,0.043356643356643354
461,2,1076.4224163677563,0,0,738,11.59826772074166,2.994579945799458,0.5623306233062331,0.10597685424929237,0.8550135501355014,0.1002710027100271,0.044715447154471545
461,3,1411.8891530150606,0,1,753,11.492247293653875,2.9827357237715804,0.5644090305444888,0.11540758372051368,0.852589641434263,0.10225763612217796,0.0451527224435591
461,4,1372.9043116256091,0,1,775,11.40861231126136,2.950967741935484,0.552258064516129,0.09687800260402768,0.8554838709677419,0.10193548387096774,0.04258064516129032
462,1,794.0543128207231,0,0,141,11.377133487805054,3.078014184397163,0.5673758865248227,0.2712473109785062,0.45390070921985815,0.46808510638297873,0.07801418439716312
462,2,1125.6322029477226,0,0,164,11.010393187068882,3.0548780487804876,0.5670731707317073,0.21374381402231016,0.4451219512195122,0.4817073170731707,0.07317073170731707
462,3,1233.189924265781,0,1,162,10.969967381306347,3.037037037037037,0.5740740740740741,0.21372359887322498,0.4567901234567901,0.49382716049382713,0.04938271604938271
462,4,1296.531726981303,0,1,165,10.98813192063249,2.9575757575757575,0.5818181818181818,0.25172881424966664,0.46060606060606063,0.4909090909090909,0.048484848484848485
463,1,1192.422152366391,0,0,62,12.307885401709918,3.306451612903226,0.5161290322580645,-0.17731954923338503,0.5483870967741935,0.27419354838709675,0.1774193548387097
463,2,662.7548955493844,0,0,63,12.478148896469603,3.2222222222222223,0.47619047619047616,-0.2946989521324526,0.5396825396825397,0.3333333333333333,0.12698412698412698
463,3,769.0422524135029,0,1,64,11.938238864770883,3.140625,0.484375,-0.2797357709765741,0.546875,0.34375,0.109375
463,4,734.5704940625241,0,1,116,12.098033945119026,3.0948275862068964,0.4396551724137931,-0.4598221651989819,0.5517241379310345,0.31896551724137934,0.12931034482758622
464,1,720.6628163357926,0,0,204,11.009424334521436,3.0245098039215685,0.5686274509803921,0.09690857619497045,0.3431372549019608,0.23039215686274508,0.4264705882352941
464,2,923.77210793883,0,0,191,10.938362687773532,2.9633507853403143,0.581151832460733,0.11743281098739879,0.34554973821989526,0.2356020942408377,0.418848167539267
464,3,1238.4378548853024,0,1,232,11.160891229094032,2.9525862068965516,0.5387931034482759,0.07108062740955187,0.34913793103448276,0.24568965517241378,0.4051724137931034
464,4,1131.867161034902,0,1,219,11.115635758176769,2.9086757990867578,0.5068493150684932,0.05965370166071018,0.3561643835616438,0.2648401826484018,0.3789954337899543
465,1,884.3000215844429,0,0,494,10.893537188729992,2.945344129554656,0.5728744939271255,0.18457728234244083,0.7125506072874493,0.17611336032388664,0.11133603238866396
465,2,1260.8027303992105,0,0,513,11.004806049966462,2.9376218323586745,0.5497076023391813,0.1412235626121011,0.7037037037037037,0.1793372319688109,0.11695906432748537
465,3,1398.073346863196,0,1,459,10.983473830455194,2.89760348583878,0.5642701525054467,0.15453602060469368,0.710239651416122,0.17429193899782136,0.11546840958605664
465,4,1723.0591609355608,0,1,452,11.060463682639647,2.8849557522123894,0.5464601769911505,0.11200597774016184,0.7013274336283186,0.18584070796460178,0.11283185840707964
466,1,750.2587243840767,0,0,154,11.778073367074843,2.987012987012987,0.487012987012987,0.2508375624559742,0.6883116883116883,0.2727272727272727,0.03896103896103896
466,2,1095.4004549726144,0,0,154,11.787326699434297,2.9285714285714284,0.45454545454545453,0.22933126917339505,0.6948051948051948,0.2597402597402597,0.045454545454545456
466,3,1213.1207159443727,0,1,146,11.94899522288276,2.7739726027397262,0.4726027397260274,0.20679783341267716,0.7054794520547946,0.2534246575342466,0.0410958904109589
466,4,1561.4058628687494,0,1,141,11.569522528110083,2.8226950354609928,0.48226950354609927,0.18046494742302255,0.7021276595744681,0.2553191489361702,0.0425531914893617
467,1,801.9843134984244,1,0,146,11.471255238627268,3,0.547945205479452,-0.01085286147044067,0.5958904109589042,0.22602739726027396,0.1780821917808219
467,2,1175.4868871933982,1,0,154,11.528414263774653,3,0.525974025974026,-0.14790074002643935,0.5974025974025974,0.22727272727272727,0.17532467532467533
467,3,1075.378194404277,1,1,177,11.756714483501009,2.9604519774011298,0.5028248587570622,-0.1937473365324842,0.5875706214689266,0.2542372881355932,0.15819209039548024
467,4,1098.062025472622,1,1,175,11.92418195235824,3.057142857142857,0.5085714285714286,-0.18512406494039527,0.6,0.2342857142857143,0.1657142857142857
468,1,746.4645799600984,1,0,415,11.525290434814124,3.0024096385542167,0.5301204819277109,-0.031803172036451145,0.7566265060240964,0.19518072289156627,0.04819277108433735
468,2,1088.9421865175193,1,0,409,11.394890865715062,2.997555012224939,0.530562347188264,-0.01004188983965609,0.7677261613691931,0.19070904645476772,0.04156479217603912
468,3,1100.1945548613526,1,1,400,11.33772770110152,2.985,0.5375,-0.030331065911107298,0.78,0.1875,0.0325
468,4,1263.6582792463967,1,1,434,11.317008712592177,2.9953917050691246,0.5276497695852534,-0.11296941972526675,0.7857142857142857,0.17511520737327188,0.03917050691244239
469,1,934.7529523760012,1,0,1141,10.865245258415825,2.915863277826468,0.6336546888694128,0.5620565553654578,0.7353198948290973,0.19193689745836984,0.07274320771253287
469,2,1170.1692421451269,1,0,1128,10.887654251922825,2.9051418439716312,0.625,0.5178039574530584,0.7375886524822695,0.19237588652482268,0.0700354609929078
469,3,1517.0835420204835,1,1,1152,11.051119155438752,2.873263888888889,0.6041666666666666,0.43916294147099166,0.7404513888888888,0.1909722222222222,0.0685763888888889
469,4,1433.1672967297682,1,1,1120,11.223975815599537,2.8794642857142856,0.5928571428571429,0.35580425808212995,0.7339285714285714,0.19107142857142856,0.075
470,1,774.40600867916055,1,0,353,11.411435937966852,2.9688385269121813,0.5750708215297451,0.08073185537815436,0.5580736543909348,0.38243626062322944,0.059490084985835696
470,2,1013.1228212839173,1,0,373,11.452160483073012,2.9812332439678286,0.5522788203753352,-0.019559546746246846,0.5442359249329759,0.38873994638069703,0.06702412868632708
470,3,1229.2031765490324,1,1,364,11.262063644718443,3.0467032967032965,0.5686813186813187,0.020125559674043957,0.510989010989011,0.4175824175824176,0.07142857142857142
470,4,1514.3096741209072,1,1,351,11.251270116709323,3.0427350427350426,0.5698005698005698,0.015699108457879016,0.5242165242165242,0.4017094017094017,0.07407407407407407
471,1,939.7766027774118,0,0,798,11.27418193199138,3.020050125313283,0.5639097744360902,0.17982294585100445,0.7832080200501254,0.15789473684210525,0.05889724310776942
471,2,1185.799924636438,0,0,771,11.233361841832682,3.020752269779507,0.5551232166018158,0.18496318377127255,0.7833981841763943,0.1582360570687419,0.058365758754863814
471,3,1198.118825736338,0,1,785,11.355058432057428,2.975796178343949,0.5452229299363057,0.12985957216593477,0.7923566878980892,0.1503184713375796,0.05732484076433121
471,4,1259.0039804610572,0,1,816,11.37723069228224,2.935049019607843,0.5392156862745098,0.09515342560381136,0.7965686274509803,0.14583333333333334,0.05759803921568627
472,1,861.1329569225525,0,0,264,10.832997973187181,2.9507575757575757,0.5568181818181818,0.2686141607323403,0.8825757575757576,0.07575757575757576,0.041666666666666664
472,2,831.4429515873493,0,0,262,10.766438685334466,2.9618320610687023,0.549618320610687,0.2973775893264039,0.8854961832061069,0.07251908396946564,0.04198473282442748
472,3,1156.174212168087,0,1,235,10.480679023068223,2.9148936170212765,0.5531914893617021,0.28508686010794354,0.8978723404255319,0.06382978723404255,0.03829787234042553
472,4,1315.3910451243128,0,1,241,10.6452491420035,2.863070539419087,0.5601659751037344,0.27852296568471996,0.8962655601659751,0.06639004149377593,0.03734439834024896
473,1,690.8187255120733,0,0,756,11.623573356375672,2.914021164021164,0.5119047619047619,-0.16173236508555558,0.7592592592592593,0.17195767195767195,0.06878306878306878
473,2,855.591209724849,0,0,852,11.632647082320876,2.9507042253521125,0.4953051643192488,-0.18732075774164011,0.7546948356807511,0.1807511737089202,0.06455399061032864
473,3,931.1733176537074,0,1,873,11.75521499582128,2.981672394043528,0.4959908361970218,-0.21690450862534408,0.7457044673539519,0.19358533791523483,0.06071019473081329
473,4,1036.300450662287,0,1,882,11.5804279168514,3.0090702947845807,0.5136054421768708,-0.08938812226662939,0.7573696145124716,0.1870748299319728,0.05555555555555555
474,1,759.7722157053612,0,0,1017,11.359066126925704,3.0698131760078664,0.5693215339233039,0.16767635157921212,0.6686332350049164,0.19665683382497542,0.13470993117010815
474,2,1020.8772668437972,0,0,978,11.273469224992704,3.072597137014315,0.5736196319018405,0.17858768545409454,0.6687116564417178,0.19631901840490798,0.13496932515337423
474,3,1152.7935496424957,0,1,974,11.185035631994518,3.042094455852156,0.5811088295687885,0.1810098423551199,0.6581108829568788,0.20225872689938398,0.13963039014373715
474,4,1331.2988907189165,0,1,968,11.329475338693829,3.022727272727273,0.5661157024793388,0.13696517419072093,0.6508264462809917,0.20557851239669422,0.14359504132231404
475,1,931.4205389970143,1,0,339,11.570196133614976,2.982300884955752,0.5250737463126843,-0.14689426676191938,0.831858407079646,0.10324483775811209,0.06489675516224189
475,2,1080.1854033871039,1,0,338,11.65011489730534,2.9023668639053253,0.5236686390532544,-0.16544489515748625,0.8313609467455622,0.10650887573964497,0.0621301775147929
475,3,1348.6109458125072,1,1,326,11.668814201582721,2.96319018404908,0.5,-0.16381204505493682,0.8282208588957055,0.10736196319018405,0.06441717791411043
475,4,1224.2311211196475,1,1,367,11.632436641280382,3.0408719346049047,0.4877384196185286,-0.15120611112009447,0.8310626702997275,0.1008174386920981,0.0681198910081744
476,1,827.1549864697547,1,0,800,11.761225217879263,2.96875,0.4825,-0.35067456999474633,0.715,0.20625,0.07875
476,2,941.841554179367,1,0,765,11.795569538822887,2.9568627450980394,0.47843137254901963,-0.35036229945206926,0.7189542483660131,0.20392156862745098,0.07712418300653595
476,3,1061.9377813244503,1,1,727,11.696369551532717,2.9917469050894083,0.47730398899587345,-0.32649675798878924,0.7138927097661623,0.20495185694635487,0.0811554332874828
476,4,1136.2946478913402,1,1,745,11.667032383648573,3.004026845637584,0.4791946308724832,-0.31388500864252145,0.7087248322147651,0.20671140939597316,0.08456375838926175
477,1,826.0269648896789,0,0,952,11.550996550632899,2.9747899159663866,0.4894957983193277,-0.07562899531093586,0.6292016806722689,0.1880252100840336,0.18277310924369747
477,2,1145.3680744901997,0,0,868,11.584793631847273,2.9965437788018434,0.4965437788018433,-0.04758803814169786,0.6290322580645161,0.19009216589861752,0.18087557603686635
477,3,1198.9757663301903,0,1,852,11.673246598936617,2.9753521126760565,0.48826291079812206,-0.07511472206176575,0.6349765258215962,0.19014084507042253,0.17488262910798122
477,4,1132.5585728867095,0,1,863,11.557540917767941,2.969872537659328,0.492468134414832,-0.04682971535249628,0.6349942062572422,0.19119351100811124,0.17381228273464658
478,1,877.741633639858,1,0,428,11.9475088374005,2.8948598130841123,0.5023364485981309,-0.33361592103128274,0.8948598130841121,0.07710280373831775,0.028037383177570093
478,2,902.7896174993823,1,0,417,12.051404509827105,2.937649880095923,0.5203836930455635,-0.2929305732737343,0.8872901678657075,0.0815347721822542,0.03117505995203837
478,3,971.3866332449674,1,1,518,11.849569894236716,3.0096525096525095,0.5231660231660231,-0.2418592061499645,0.8996138996138996,0.07335907335907337,0.02702702702702703
478,4,1184.150186817763,1,1,495,11.83308064122659,2.9414141414141413,0.5333333333333333,-0.25587137398985027,0.898989898989899,0.07676767676767676,0.024242424242424242
479,1,955.2145703405301,1,0,2719,11.75962057838599,2.9930121368150053,0.5115851415961751,-0.164693746883223,0.552776756160353,0.30967267377712393,0.137550570062523
479,2,992.180234138537,1,0,2574,11.750118538632819,2.9864024864024863,0.5108780108780109,-0.1565449881926874,0.5508935508935509,0.30885780885780884,0.14024864024864026
479,3,1094.7794882595892,1,1,2586,11.799186610624481,2.9872389791183296,0.5100541376643465,-0.1924102843606867,0.5522041763341067,0.30974477958236657,0.13805104408352667
479,4,1162.9084492029829,1,1,2630,11.769511707697035,2.968821292775665,0.5102661596958175,-0.19498164276409502,0.5448669201520913,0.31254752851711026,0.14258555133079848
480,1,857.9282365104706,0,0,2716,10.948092344111194,2.955081001472754,0.5762150220913107,0.31052966068233595,0.7253313696612665,0.21281296023564064,0.061855670103092786
480,2,1100.5340209637436,0,0,2807,11.014339528191252,2.9654435340220875,0.5789098681866761,0.2755559569661732,0.7281795511221946,0.208051300320627,0.06376914855717848
480,3,1192.8364521074263,0,1,2773,11.043529265399377,2.98196898665705,0.567976920302921,0.22680839175554218,0.7248467363865849,0.20771727371078255,0.06743598990263253
480,4,1334.979156729553,0,1,2984,11.055038226935963,2.9718498659517425,0.5630026809651475,0.21124157961678175,0.7198391420911529,0.20810991957104558,0.07205093833780161
481,1,841.9582161345226,0,0,383,11.070080879324943,2.955613577023499,0.5796344647519582,0.3500008331762483,0.8407310704960835,0.08616187989556136,0.0731070496083551
481,2,1180.918094353183,0,0,373,10.862202708396115,2.9517426273458445,0.5817694369973191,0.31977270454288487,0.8445040214477212,0.08310991957104558,0.07238605898123325
481,3,1543.421808719026,0,1,385,11.150524488423331,3.012987012987013,0.574025974025974,0.23956128976186514,0.8493506493506493,0.07532467532467532,0.07532467532467532
481,4,1460.4582577841966,0,1,404,11.104667730184415,3.004950495049505,0.5618811881188119,0.14115661770723595,0.8316831683168316,0.0891089108910891,0.07920792079207921
482,1,549.5307357290997,0,0,172,10.46734356691273,2.854651162790698,0.5930232558139535,0.4287544902908622,0.6511627906976745,0.31976744186046513,0.029069767441860465
482,2,1086.3814615047704,0,0,183,10.656427897044498,2.7650273224043715,0.6010928961748634,0.37777583022119,0.6502732240437158,0.3114754098360656,0.03825136612021858
482,3,1401.4127236479305,0,1,172,10.580098312211332,2.813953488372093,0.5813953488372093,0.37567138927220206,0.6569767441860465,0.3023255813953488,0.040697674418604654
482,4,1706.5555716994718,0,1,165,10.516745249896953,2.7636363636363637,0.5757575757575758,0.3558890238777257,0.6666666666666666,0.296969696969697,0.03636363636363636
483,1,865.9580998200879,0,0,455,11.636411369455612,3.134065934065934,0.545054945054945,0.1317704959039819,0.5582417582417583,0.367032967032967,0.07472527472527472
483,2,978.6654658237906,0,0,452,11.640817682999307,3.0685840707964602,0.5486725663716814,0.06289282579994042,0.5508849557522124,0.37168141592920356,0.07743362831858407
483,3,1112.4609068202815,0,1,451,11.666571415689333,3.0776053215077606,0.5232815964523282,0.06513490213395418,0.5587583148558758,0.35476718403547675,0.08647450110864745
483,4,1045.4886890758085,0,1,491,11.597449135236728,3.065173116089613,0.5376782077393075,0.020677488757571194,0.5682281059063137,0.3564154786150713,0.07535641547861507
484,1,860.9634452328605,0,0,2717,11.38218894160264,3.015458225984542,0.5502392344497608,0.07645044529813107,0.8755980861244019,0.10084652189915348,0.023555391976444608
484,2,1056.8088996416095,0,0,2875,11.399563639966646,2.998608695652174,0.5387826086956522,0.02875897855428342,0.8723478260869565,0.10434782608695652,0.023304347826086955
484,3,1264.391275107514,0,1,2901,11.427803733575658,2.9931058255773872,0.5339538090313685,0.014725963949058809,0.870044812133747,0.10685970355049983,0.023095484315753187
484,4,1345.006421630985,0,1,2738,11.456849766503558,3.0040175310445583,0.5357925493060628,0.008959377525710013,0.8681519357195033,0.10591672753834916,0.025931336742147554
485,1,835.4648510131213,0,0,537,11.854434101791357,2.992551210428305,0.5027932960893855,-0.029153399085681812,0.5996275605214153,0.1713221601489758,0.22905027932960895
485,2,944.2087924354223,0,0,495,11.828726491395594,3.022222222222222,0.5070707070707071,0.0032633141994008103,0.6060606060606061,0.16767676767676767,0.22626262626262628
485,3,1082.1709558109485,0,1,478,11.541658805634423,2.9518828451882846,0.5146443514644351,0.05358426275336788,0.6276150627615062,0.15690376569037656,0.21548117154811716
485,4,1140.1553652168166,0,1,465,11.69661615437409,2.9075268817204303,0.5182795698924731,0.07042844937287034,0.6258064516129033,0.15913978494623657,0.21505376344086022
486,1,1147.2036786933206,1,0,699,11.065125828628469,2.982832618025751,0.5593705293276109,0.2568720971329907,0.6809728183118741,0.1888412017167382,0.1301859799713877
486,2,1246.722073049424,1,0,665,11.055760403463868,3.0090225563909776,0.562406015037594,0.2506478910216186,0.681203007518797,0.1924812030075188,0.12631578947368421
486,3,1227.5045968754018,1,1,786,11.055630989807348,3.008905852417303,0.583969465648855,0.25239348161788006,0.6743002544529262,0.19974554707379136,0.12595419847328243
486,4,1448.6115476562295,1,1,774,11.177935576709933,2.996124031007752,0.5775193798449613,0.23885808098227831,0.6795865633074936,0.1925064599483204,0.12790697674418605
487,1,901.019887737171,1,0,661,11.447689014757952,3.0453857791225416,0.5355521936459909,-0.013343292595970366,0.34795763993948564,0.34493192133131617,0.3071104387291982
487,2,1054.2794440537866,1,0,658,11.548824843818734,3.0106382978723403,0.5349544072948328,0.005475366523616255,0.3495440729483283,0.3404255319148936,0.3100303951367781
487,3,1171.0960568724036,1,1,683,11.63077338281915,2.9692532942898975,0.5241581259150805,-0.1096428390918366,0.34992679355783307,0.3484626647144949,0.30161054172767204
487,4,1133.6631908008726,1,1,667,11.659990485943986,2.9805097451274363,0.5217391304347826,-0.14495091212573305,0.3658170914542729,0.33883058470764615,0.29535232383808097
488,1,1118.7857186698502,1,0,144,11.106280672574805,2.8194444444444446,0.6180555555555556,0.11343624426171849,0.7291666666666666,0.10416666666666667,0.16666666666666666
488,2,1107.023490717293,1,0,144,10.92120913130087,2.8680555555555554,0.6180555555555556,0.07178798335900606,0.7222222222222222,0.10416666666666667,0.1736111111111111
488,3,1098.7865544542387,1,1,168,10.989401994416676,2.994047619047619,0.6130952380952381,0.028363677215239816,0.6964285714285714,0.13690476190476192,0.16666666666666666
488,4,1144.5195126690046,1,1,219,11.28367725248686,2.8904109589041096,0.547945205479452,-0.042120989467733655,0.7123287671232876,0.1187214611872146,0.1689497716894977
489,1,907.2835671645181,1,0,525,11.378450794404237,3.060952380952381,0.5447619047619048,3.8030839719560366e-4,0.5466666666666666,0.24,0.21333333333333335
489,2,1211.2438456723853,1,0,507,11.390842430864499,3.078895463510848,0.5562130177514792,0.014816340409071191,0.5502958579881657,0.24260355029585798,0.20710059171597633
489,3,1147.2538624441563,1,1,522,11.348264298332872,3.1053639846743293,0.5574712643678161,0.009947925353691954,0.5555555555555556,0.24521072796934865,0.19923371647509577
489,4,1216.2733635189497,1,1,511,11.437728592745797,3.111545988258317,0.5636007827788649,-0.019348683363262575,0.5518590998043053,0.24853228962818003,0.19960861056751467
490,1,728.5641528531468,0,0,775,11.716148532031328,2.927741935483871,0.5070967741935484,-0.15098549623467816,0.5535483870967742,0.19225806451612903,0.2541935483870968
490,2,1086.3489811594332,0,0,783,11.564810934979642,2.89272030651341,0.5006385696040868,-0.12197753172431147,0.5466155810983397,0.19284802043422733,0.26053639846743293
490,3,940.8521542984337,0,1,731,11.53997245672133,2.8796169630642954,0.4993160054719562,-0.12687312417781269,0.5471956224350205,0.19562243502051985,0.25718194254445964
490,4,1152.8062652177885,0,1,728,11.659809453443955,2.879120879120879,0.4793956043956044,-0.17525307872834744,0.5453296703296703,0.19642857142857142,0.25824175824175827
491,1,752.948488031005,0,0,984,11.890397653518919,3.095528455284553,0.49796747967479676,-0.249375143944291,0.8810975609756098,0.09247967479674797,0.026422764227642278
491,2,810.2732652003999,0,0,941,11.88674684769153,3.0680127523910734,0.5090329436769394,-0.20792526970259265,0.8777895855472901,0.09458023379383634,0.02763018065887354
491,3,930.7268275268873,0,1,995,11.759015765339829,3.0814070351758795,0.5175879396984925,-0.15472445350827574,0.8723618090452261,0.09849246231155778,0.02914572864321608
491,4,973.9415897019643,0,1,977,11.733711962000111,3.0859774820880244,0.5220061412487206,-0.15256443288217914,0.872057318321392,0.10030706243602866,0.027635619242579325
492,1,877.4279956150644,1,0,425,10.81719723870953,2.9552941176470586,0.5741176470588235,0.18505223888297961,0.7247058823529412,0.16705882352941176,0.10823529411764705
492,2,1133.4592919750557,1,0,412,10.709668434452267,2.970873786407767,0.5679611650485437,0.19387212620800903,0.7063106796116505,0.1820388349514563,0.11165048543689321
492,3,1279.3138702778792,1,1,412,10.875134643258667,2.9902912621359223,0.5825242718446602,0.1890923228990758,0.6966019417475728,0.18446601941747573,0.11893203883495146
492,4,1716.1739978737116,1,1,386,10.929865508622685,3.028497409326425,0.5906735751295337,0.19010434437216364,0.7020725388601037,0.18134715025906736,0.11658031088082901
493,1,364.7879939319256,0,0,142,12.502291098860345,2.9225352112676055,0.36619718309859156,-0.6759633344711303,0.8098591549295775,0.14084507042253522,0.04929577464788732
493,2,584.8777868144865,0,0,148,12.397195629662411,2.9864864864864864,0.3716216216216216,-0.612006234874676,0.8243243243243243,0.14189189189189189,0.033783783783783786
493,3,860.6902505046813,0,1,137,12.514651544873374,3.1313868613138687,0.3722627737226277,-0.5961132752901027,0.8029197080291971,0.16058394160583941,0.0364963503649635
493,4,708.7192630702933,0,1,158,12.451288683146393,3.0569620253164556,0.379746835443038,-0.4168728794486926,0.7911392405063291,0.16455696202531644,0.04430379746835443
494,1,848.1894453511853,0,0,435,10.71687225009198,2.864367816091954,0.6229885057471264,0.4201286359220423,0.6666666666666666,0.2827586206896552,0.05057471264367816
494,2,1177.8359613689397,0,0,468,10.79166111352848,2.8632478632478633,0.6111111111111112,0.3209602997356242,0.6709401709401709,0.28205128205128205,0.04700854700854701
494,3,1279.3386588432725,0,1,447,10.77093772666254,2.771812080536913,0.5995525727069351,0.2646432529923514,0.6733780760626398,0.2796420581655481,0.04697986577181208
494,4,1698.5404229436083,0,1,434,10.706686642254104,2.78110599078341,0.5967741935483871,0.2492063091729887,0.684331797235023,0.2672811059907834,0.04838709677419355
495,1,880.351244172125,1,0,616,11.655318957928394,2.9642857142857144,0.5405844155844156,-0.043711467839890335,0.4837662337662338,0.3116883116883117,0.20454545454545456
495,2,905.679682256497,1,0,582,11.667118341724183,2.9759450171821307,0.5395189003436426,-0.01962799475719529,0.48281786941580757,0.30584192439862545,0.211340206185567
495,3,1083.5869725220164,1,1,645,11.525447123807822,2.9271317829457364,0.5224806201550387,0.023588180685689946,0.47751937984496123,0.3054263565891473,0.21705426356589147
495,4,1219.3371149110421,1,1,631,11.563061727544795,2.9270998415213945,0.5277337559429477,0.03011410912555896,0.48811410459587956,0.3011093502377179,0.21077654516640254
496,1,670.8373175019618,0,0,645,11.471923770122425,2.9953488372093022,0.4666666666666667,-0.317115121277214,0.689922480620155,0.17209302325581396,0.13798449612403102
496,2,838.6069055820634,0,0,659,11.689104345060617,3.0197268588770867,0.46889226100151743,-0.2740181315531648,0.6949924127465857,0.165402124430956,0.13960546282245828
496,3,801.6562345325713,0,1,779,11.752878887450091,3.0320924261874196,0.47753530166880614,-0.268607730388396,0.6816431322207959,0.16944801026957637,0.14890885750962773
496,4,1071.637684351087,0,1,750,11.703341359557855,3.021333333333333,0.4826666666666667,-0.27789330164350484,0.6786666666666666,0.17333333333333334,0.148
497,1,1104.5523733982761,1,0,615,11.272682447516843,3.1284552845528455,0.6373983739837399,0.33720581554505047,0.7089430894308943,0.22439024390243903,0.06666666666666667
497,2,1237.7150679908493,1,0,616,11.278347726320407,3.13474025974026,0.6217532467532467,0.30576579800202097,0.7126623376623377,0.21753246753246752,0.0698051948051948
497,3,1416.7655693769352,1,1,625,11.384273249601954,3.1088,0.624,0.2912879938646566,0.7088,0.216,0.0752
497,4,1496.8959104156343,1,1,600,11.459382443648602,3.1016666666666666,0.61,0.21418773869622038,0.7033333333333334,0.22666666666666666,0.07
498,1,926.0542397294892,1,0,273,11.507000935371295,2.956043956043956,0.5494505494505495,0.09439157452303351,0.5641025641025641,0.38095238095238093,0.054945054945054944
498,2,1340.1500829332283,1,0,290,11.590536714664038,2.9586206896551723,0.5482758620689655,0.06691365781640349,0.5827586206896552,0.3586206896551724,0.05862068965517241
498,3,1659.0156225405592,1,1,270,11.482755047730809,3.062962962962963,0.5370370370370371,0.0834329199895157,0.5777777777777777,0.3592592592592593,0.06296296296296296
498,4,1399.8045088874787,1,1,383,11.867635909384347,3.0469973890339426,0.5065274151436031,-0.09896485498679748,0.5796344647519582,0.3629242819843342,0.057441253263707574
499,1,692.4208214492035,0,0,3723,11.62684300100233,3.0244426537738383,0.49986569970453937,-0.1952759109154509,0.44641418211120065,0.29814665592264306,0.25543916196615635
499,2,821.9307523467419,0,0,3498,11.566223970250931,3.0254431103487707,0.5025728987993139,-0.16462541991217786,0.4499714122355632,0.29588336192109777,0.25414522584333904
499,3,941.5200321360381,0,1,3863,11.48638798917217,3.0509966347398394,0.5244628527051515,-0.07412728227301094,0.4545689878332902,0.2958840279575459,0.24954698420916385
499,4,1055.1985308331869,0,1,3703,11.518932961441246,3.041857953011072,0.5236294896030246,-0.09744176560167654,0.4512557385903322,0.30083715906022146,0.2479071023494464
500,1,1249.7877096099644,0,0,180,10.955133957054494,2.911111111111111,0.6111111111111112,0.25466736183031935,0.7111111111111111,0.17777777777777778,0.1111111111111111
500,2,1084.2849580460436,0,0,200,11.110861827253853,2.945,0.575,0.11960267333865739,0.745,0.13,0.125
500,3,1333.4191672218085,0,1,218,11.393728347302945,3.096330275229358,0.5458715596330275,0.018289101320344534,0.7385321100917431,0.14678899082568808,0.11467889908256881
500,4,1488.4156621995758,0,1,218,11.592764434461321,3.041284403669725,0.5275229357798165,0.011308754703211849,0.7293577981651376,0.16055045871559634,0.11009174311926606
