id.practice,X1,X2,X3,X4,X5,X6,X7,X8,X9
1,1,A,0,A,1,37.66369816138872,10.04155257563872,0.2911786586983041,60.40358939113359
2,0,B,1,A,0,28.569729364314345,7.464328914389415,0.6830419008284783,13.130781604632581
3,0,C,0,A,1,22.28695671914869,8.125500726404022,0.44179766829832323,50.47767506867862
4,0,C,0,A,1,21.524000916216725,5.436388651186697,0.2972298845787744,27.71894171991198
5,0,A,1,C,0,47.21180070496018,5.311111120721352,0.5959855332421832,33.635734789760534
6,1,A,1,A,1,18.15097590799446,17.06674638869926,0.4466083591059211,38.44579136540712
7,1,A,0,A,1,35.043936245895836,23.081342166270222,0.4493462912607915,-13.191399535041498
8,0,C,1,A,1,32.606571672776134,9.171115974420587,0.6109911893923671,25.581392079654172
9,0,C,0,B,1,27.453346635566593,7.435371592010076,0.21860512276110827,9.711778923947248
10,0,B,1,A,0,19.186343697377332,4.195137951513377,0.6258308871608518,60.506957075111806
11,1,A,0,A,0,23.05356474497646,9.344463741961665,0.5004899975172568,-1.536093320966664
12,1,A,0,A,1,42.572341650754105,23.00004974424604,0.28518480062843077,31.834970345885836
13,1,A,1,B,0,43.13295437063592,5.424635171927647,0.4501434649336424,40.236838356772644
14,0,C,0,A,0,16.193317347105328,0,0.2924746242904095,9.590877041533552
15,0,A,0,A,0,18.260075860299022,4.7769529409587195,0.3157856422712041,-22.802153159770008
16,1,C,0,A,0,34.33642790353322,5.175164235117131,0.1796800455501003,-7.747932869207528
17,1,C,1,A,1,36.57456771527199,13.73298374480473,0.22166864598843436,67.78002317605181
18,1,A,0,A,0,44.912942602311325,7.698239570938472,0.3932716438493005,19.476283031588718
19,0,B,0,C,1,20.29568895467192,6.674185887434115,0.339543852238213,19.747525778485734
20,0,C,0,A,1,28.447767976211054,12.020995795879493,0.46988684516995954,74.35650502326708
21,1,B,1,A,0,24.60632134544251,2.58379574018708,0.38890142477829776,-12.194870829217301
22,0,B,1,A,1,29.692781309937097,5.910186130347329,0.4692158570252994,-79.61771647237194
23,1,C,1,A,1,35.526554336636806,19.419733018741645,0.28700680304097825,-90.50003078354264
24,1,B,1,B,0,50.02801483606221,7.93574719554894,0.4976041222986757,47.318387655097226
25,1,C,1,A,1,29.46024616431349,8.271092535469716,0.3581776967828364,65.526597622291
26,1,B,1,A,1,31.568669498270765,17.373921886679096,0.20073783053379776,16.502778050755005
27,1,A,0,A,0,37.69676095605483,6.852781522970542,0.4347578206796734,83.3277414115148
28,0,B,0,A,0,19.895539008173515,3.6548532791862964,0.34740544503220966,35.802225733361965
29,0,A,1,C,1,21.727122510405483,6.265220350248133,0.2754404699847267,56.98382371346853
30,0,C,0,A,0,31.122283544933474,12.581524716750144,0.5785539105493742,128.35479051109627
31,1,C,1,A,1,14.505151294418264,13.538896796330533,0.2994343343774606,75.9784621769884
32,0,B,1,A,1,25.23913095230853,3.67960789045435,0.46499955378384233,9.72084685822462
33,0,B,0,A,0,28.747170509097543,3.1067315288142443,0.3454733041565627,-49.67363852723183
34,1,B,0,A,1,31.073426282680888,17.935479796682895,0.14653439848557567,-22.692579110897782
35,0,A,0,C,1,27.09127314886528,9.23820296984236,0.42635682235027805,29.366056919150484
36,0,B,1,A,1,27.337959470150548,8.108595588470994,0.2802872165332906,-25.99839411662559
37,1,C,1,A,0,22.816230069392184,3.3019974443883613,0.1902443045226622,-30.49995694383538
38,1,C,0,A,1,30.977535898513956,9.575507124082897,0.33030529211646786,33.8200212476054
39,1,B,0,A,1,32.04687923251258,13.352531372224366,0.2147019921179498,38.00609737293229
40,0,A,0,A,1,25.11170095045397,2.793372831852161,0.6149168724375836,25.21316900817053
41,0,A,1,A,0,32.29439203275507,1.0664150295442063,0.6569602275082504,18.528310154713193
42,0,A,1,A,0,46.966912714880856,7.983165597476495,0.19513531096574066,34.06924985427877
43,1,B,1,A,1,22.643397517038686,9.613096236134615,0.18717135604026044,7.6686542232433155
44,1,B,0,A,1,31.28120010458963,23.960044687243908,0.4006865878320205,26.395679083889394
45,0,A,0,A,0,22.587633129057757,1.842596681827065,0.27435081659831406,23.389501582374
46,0,C,1,A,1,24.480733255501598,4.9244645076259586,0.39620236001834286,6.528250234456861
47,0,A,0,A,0,33.46138828558425,6.153252422930176,0.5528039008883606,48.28994204853483
48,1,B,0,A,1,22.36268811096654,21.174609030488103,0.23209926611886253,49.6427178589209
49,0,C,1,A,1,22.416852541208243,8.971484527338248,0.48279590897940944,19.180756356530974
50,0,B,1,A,0,19.864953342645304,4.472085529499618,0.572170895160113,-30.677853854865567
51,0,A,1,A,0,21.643540509975235,8.070569418501563,0.5990291413204456,65.0544601803481
52,0,A,0,A,1,38.72757917310834,9.042171089504404,0.32764459786791855,2.3891031177678705
53,0,C,1,A,1,33.27423974073412,11.155844898839769,0.426660609032691,64.20612880849187
54,0,B,0,A,0,45.61329148566333,4.093026030548069,0.5954239197133246,26.197625848093352
55,1,B,1,A,0,43.06440326025038,5.5205361711355705,0.4786490178121023,-9.91533519148416
56,0,C,1,A,0,31.178777490585855,0,0.45799000934138273,72.25613977843149
57,1,A,0,A,1,25.702453739324977,10.724757092201337,0.4421386206268142,61.38123003483404
58,1,C,0,A,1,25.472437635162414,8.298148688002506,0.3182872648162685,55.26689689513804
59,1,A,1,A,0,16.598833260824996,2.0606027926119,0.46352339592400754,6.4945313313589175
60,0,A,0,B,0,34.82919276967123,8.780633102419342,0.22385675400389715,7.104370365257974
61,1,B,1,A,0,21.90039318040583,1.9087334379757204,0.2868874888772907,82.29104935884592
62,0,C,0,A,0,46.658702092722656,4.046497930974611,0.22910678483133917,42.59473722798724
63,1,A,0,B,0,19.832643778840506,0.02741040850039589,0.3181836646878889,32.444957137828155
64,1,A,1,A,0,29.25977946381798,2.311377289089728,0.4064110353203857,55.88864547781386
65,0,B,0,B,1,38.85455334319965,13.147763235919998,0.4614357797430588,8.326348566124306
66,1,A,1,A,0,31.858151946408718,6.5227187753507865,0.28701374032204097,26.340116850088513
67,0,A,0,A,0,43.58118454390208,2.482600982004604,0.19462832223541318,133.65948296523288
68,1,B,1,A,1,22.133442740381152,21.42284225686983,0.32342887431244244,-87.77811330540543
69,1,B,1,C,1,27.40622265094824,17.688501403075957,0.6199787836084536,26.35376125552302
70,1,B,0,A,0,20.2765804302986,2.7791398441547788,0.33860115237384086,88.67284547171704
71,0,A,1,A,0,23.306207570537094,4.773328763850301,0.19524265691425785,21.741795194808255
72,0,A,0,A,0,20.250683950041875,2.8851195115838366,0.49493979391233467,13.874502678026442
73,0,B,0,A,1,15.783175030182058,4.908699667872156,0.5686811920051573,60.85423326443813
74,1,C,1,B,1,21.003212087202723,15.910568027518304,0.4399187980455503,-37.70521236403811
75,1,C,1,A,1,34.57073409810829,13.871954108713387,0.42091601937927736,14.872708741864656
76,0,A,0,A,0,35.05350004382623,7.132419143856513,0.3613364524705551,-47.89948867194268
77,1,A,1,A,1,33.77789872932392,20.813358541188325,0.1975170985015171,38.29210276032367
78,0,C,1,C,1,27.583338802496296,2.7278914356101938,0.10931362654765578,11.844439372503963
79,1,C,0,A,1,33.89037333242448,19.146238533724432,0.27808501571130584,5.351064751462838
80,0,A,1,B,0,19.936189674202843,3.7660317290840215,0.57041259780897835,-25.940193455380246
81,0,B,0,A,0,42.21669620537447,1.66468054201719,0.3023782101687377,67.66493912518308
82,1,B,1,A,1,41.97064215101146,14.320289021024463,0.24086995502346462,-12.730233613107842
83,0,A,1,B,0,37.54455525838246,0,0.48123058237321703,65.21509737212143
84,1,A,0,A,1,31.12465142220769,19.62447585246053,0.3244608020831152,30.857831429946067
85,1,A,1,C,1,23.287304487405088,15.791734479267348,0.37897129384953243,-24.53240100006652
86,1,A,0,A,0,35.39777738854343,5.454804032331033,0.21387317203291495,53.532354021290544
87,1,B,1,A,0,29.403777280493344,1.889008025979619,0.726644851708119,49.71897311808472
88,1,A,1,A,0,23.90063414508114,7.213673824541379,0.3064948744470515,10.406527255565743
89,1,C,0,A,1,19.434126430641264,18.02235096461618,0.4252587280566792,42.421956295719774
90,1,A,1,B,0,33.8629041053927,4.00900377161281,0.4254591118552236,59.520715726855265
91,1,B,1,A,1,25.61122014751932,12.850842738259052,0.452343794622819,19.127672666357512
92,1,A,0,A,0,26.09928600550639,3.1630058870934077,0.5395960388365367,5.424349100716077
93,1,C,1,A,1,31.36169058086976,16.819618226335837,0.3519193464114045,-1.966711904768136
94,1,A,1,A,1,35.61371629479022,18.97675187377632,0.3309707093504411,-36.300841152737014
95,0,A,0,A,1,34.788294444413,11.055371574855492,0.3865721038336247,80.80029236446802
96,1,C,1,A,1,36.07714187536402,9.61287829103366,0.49974302768397333,-13.332674791732266
97,1,A,1,A,0,34.132403340532605,5.881567286400944,0.3398612291115133,37.00871796360342
98,0,C,1,A,1,30.06595072563796,13.904705130897153,0.68935566579485,33.826699421393
99,1,A,0,A,0,24.942229648030583,3.0594149541946054,0.458417677359059,24.528014456334994
100,0,A,0,A,0,25.67212600054395,2.951025076705532,0.3351857068056978,63.02332190724294
101,0,A,1,A,1,22.779009413015707,9.107894184778244,0.5225383205671464,-6.2484211270242405
102,1,A,0,B,0,30.39976228269127,4.894375653518431,0.20719362249757947,-10.320776811474193
103,0,C,1,A,1,20.25026933080917,18.117728208301457,0.5260528203528398,26.21331648966885
104,0,B,1,A,1,25.90303898436187,8.504119023929949,0.388792614026754,85.71769587811295
105,1,A,0,A,0,28.445017481366154,5.205139356964261,0.2427097931178033,-37.80679877984735
106,0,B,1,A,0,24.76408174482176,7.623822091471584,0.5592495369403523,-36.67131194709815
107,1,C,1,A,1,19.626676059776155,13.446894384826516,0.20105526493719722,8.82722436445126
108,0,A,0,C,0,21.93491187415436,5.970880756617432,0.321065145863478,31.87039743636405
109,0,C,0,A,1,36.680156202538804,9.82165233232879,0.4750548741829389,-61.10985038482572
110,1,C,0,A,0,33.006260856883145,7.607215436283945,0.43654587122391525,11.806978947379118
111,1,A,1,A,0,26.46021892001994,11.610242601614251,0.18816741868008718,5.278741546212219
112,1,C,1,A,1,38.96573865390307,15.267157815477997,0.19169407506555708,56.831421007127844
113,0,B,1,A,1,28.323770245740896,14.080819093391977,0.29378266658047403,66.23704978967031
114,0,C,1,A,1,29.513187709522718,4.291620746464021,0.4711402702692548,59.26511562092063
115,1,A,0,A,0,31.06637176954145,0.49682389690421314,0.41604386323954856,80.42584435936487
116,0,A,0,B,1,16.01454613932424,13.367219637738422,0.46547078437700423,-19.650984988899665
117,1,A,1,B,1,26.205601001509667,15.447118766426486,0.7136665150788098,-49.805449285044205
118,1,C,0,A,1,40.08649354296789,13.638206887695482,0.306596742222862,37.2524200753749
119,0,B,0,A,0,32.035300317428394,7.8721276688511415,0.4865990883332319,-13.958932755969926
120,1,C,1,A,1,38.73914301356346,11.878081137725943,0.23504890290338762,0.10360003826996333
121,0,C,0,A,1,30.04696825369793,9.783172109559459,0.2821502100682288,27.64315939096948
122,1,A,0,A,0,27.363816885146107,4.6717692024305295,0.5892268080747483,4.338809530736297
123,1,A,0,C,0,19.897718262524737,6.501529071759782,0.5693842552125915,49.08603672508386
124,1,A,0,A,0,21.424049112964475,8.833558410602002,0.5052098880570378,124.79142227785935
125,1,B,1,A,0,24.26628809368992,0,0.24714567101170842,34.43116459558754
126,0,B,1,A,1,22.50088479935235,8.371887368381191,0.5400952802434051,-36.17778274959133
127,0,B,1,A,1,22.29358515319013,10.36634422231033,0.25607173987809295,-42.18636705353034
128,1,A,0,A,0,17.74121280064982,0.6899776764359995,0.48006459176858646,53.33460393928893
129,0,B,1,A,1,42.080692252656114,8.15540341923083,0.3226267420623534,-21.383369101049574
130,1,B,0,A,0,29.039391975296603,13.10849167264259,0.4434774277082419,8.110008776407962
131,1,C,1,A,1,27.023840270903627,12.621977962979438,0.4377150609969135,82.80295943881089
132,0,A,0,A,1,33.69976840671336,7.216638628334962,0.19281924243369386,-20.23266147543888
133,1,C,1,B,1,35.66338239837003,20.37026435715994,0.3360085233369622,15.228115750757386
134,1,A,0,A,0,21.770699985241965,6.184358191107121,0.39252488805795627,56.49497109773035
135,0,A,1,A,1,35.88797120849802,10.279075097297682,0.5303465848937664,35.41698288637795
136,1,A,0,A,0,27.409190607782595,1.0502004142345536,0.5001557558252964,12.40491809818502
137,0,A,1,A,1,36.220196916184854,11.52249184325967,0.5008900164597593,65.15391714060411
138,0,A,1,B,1,30.168982937687417,11.51661335773263,0.6047897644207593,-61.3703535001159
139,1,B,1,A,1,24.76746484691178,6.974340318017797,0.4422171101171463,28.481880420367446
140,0,B,0,A,1,43.66477243147492,9.970815242175108,0.4926645031632069,-0.39669275284468597
141,1,C,1,A,1,26.298201377886194,0,0.21568486020730265,8.680554778349082
142,1,B,0,A,1,37.64188379405859,14.88136814021598,0.42479650547458336,16.410223200354803
143,0,A,1,A,0,19.125848154127986,7.212962448309913,0.5080954876641516,71.30428476262544
144,1,B,0,A,0,19.829499005169595,4.3210535060447395,0.3172639091312776,-21.819561199039057
145,0,A,0,B,1,34.187824620956846,9.526416554112332,0.5355700539148401,-78.57498503579131
146,0,B,0,A,1,25.438777145191782,2.3993638747872845,0.319931993577622,-5.02699665475831
147,1,A,1,A,1,18.248801744886244,12.556579781089372,0.21590846174858944,-26.35008811565931
148,1,A,1,A,0,35.99138993954447,7.6821242637067275,0.2352330888969899,11.688639813230768
149,0,B,0,B,1,17.125220982655076,10.182672201590815,0.30914764310866305,34.12386883052585
150,1,A,0,A,0,27.00112153245108,2.452318123411259,0.5235197675869243,11.113978406593903
151,1,C,1,A,1,13.326857771551733,10.553647926359112,0.3793721555093359,91.98663350058189
152,1,A,0,A,0,21.36598945180219,2.617750314079299,0.29145944137114194,38.49303555249687
153,0,A,0,A,0,23.75713835848623,9.334644827367892,0.4611194452208497,27.220194882227595
154,0,C,1,A,0,38.36156622991287,3.7791001398471953,0.4826839110230602,-34.74378279574157
155,1,A,1,A,1,43.04464963106422,16.338337483187697,0.2940259400221705,60.911651321145854
156,0,A,1,A,0,36.62271757399222,6.380349921486914,0.4592632058203628,34.83911966708428
157,0,B,1,C,1,30.395860269243666,12.70901278554722,0.35873111552395653,-26.454092433827007
158,1,C,0,A,1,32.171215219136755,14.611455280370562,0.4202081399466831,-44.904674196266214
159,1,B,1,B,0,25.894262417633733,0.6098765187832402,0.4023855291515209,65.26215689375434
160,1,A,0,A,0,31.37126722466813,3.4610676841330323,0.24943132437459342,1.1590608732183902
161,0,B,0,A,1,54.79205886873888,7.615117319105009,0.3423554694437968,3.2435571004438692
162,0,C,1,A,1,21.693678661923276,10.13715628127507,0.3907436109528974,61.97644850797344
163,1,C,1,A,0,27.422248656580376,6.7071257645857445,0.2661663887556163,-31.311483707689142
164,0,A,0,C,0,24.022459363728718,6.953484033423821,0.7674081803357836,8.672724216152107
165,1,B,1,A,0,39.09059132592013,7.3855772047881505,0.43612656881988376,13.497530943128378
166,0,B,1,A,0,33.8336498524082,2.800575237589003,0.5077631719989681,-34.07121150054188
167,0,B,0,A,1,32.872636964556115,8.0554278289926,0.3517488280817655,60.25151769062662
168,0,C,0,B,0,20.8199300971746,1.432653876108529,0.7830455186958931,48.087735312346425
169,1,B,0,A,1,20.406466002649747,3.621959548255722,0.4938739754618109,-12.765381357375972
170,0,C,1,A,0,25.643999710128504,9.644550215967566,0.36067790655522897,85.5739672760217
171,1,B,1,A,1,38.8858959130322,10.37707670327611,0.17454606111638196,-4.560747380979656
172,0,A,0,A,0,26.506629239265862,6.420739438224882,0.7177963074958837,32.642578717665494
173,0,A,0,A,1,38.95766143969214,15.091330856974238,0.5651385593642114,17.880951165972483
174,0,C,1,A,0,32.08764470425235,9.71385254983788,0.4463077665966345,-41.05673748780667
175,1,B,0,A,0,20.326495650756577,11.586165007312959,0.20181962707812312,78.66646880135602
176,0,C,1,B,1,31.402100326022165,20.280812700487985,0.6765442598614401,-14.056854373789676
177,1,A,0,A,0,28.476460224208154,6.942021211844742,0.30864675762719884,44.9220567163904
178,0,C,1,A,1,21.270350615075806,12.918908480012254,0.4752088577885072,11.249586627517408
179,0,A,1,C,0,39.15423053499897,5.297904441127585,0.4238918386459283,84.7969106335561
180,0,A,0,B,0,25.9022709358896,5.367149362852047,0.31660596625492016,34.49051376839358
181,1,C,0,A,0,16.308201028154247,4.944633967481502,0.7434191302151443,-16.735517392033607
182,0,A,0,A,0,32.237927880259235,9.697051039656689,0.38995795724547877,-45.174161897455036
183,0,A,1,A,0,44.214424423818166,11.156070366243314,0.16757974941841514,135.97524829438026
184,0,C,1,A,1,24.122420996745745,5.497800620542386,0.30925170564584786,12.24795962315153
185,1,C,0,A,1,19.961958760733893,8.716580792261766,0.42081882216685773,43.79178472525001
186,1,C,1,A,0,25.99921792704487,2.3971283729555286,0.2539668991702779,18.00920341375036
187,0,A,1,B,1,25.868101600263948,6.554992255348578,0.5425601764233814,25.708375986024166
188,1,A,1,C,0,40.067856850497925,0,0.5494066870883849,36.31973418021717
189,0,B,1,A,1,33.02029814012207,9.216943755987108,0.412648864085263,118.6392245728568
190,1,A,1,C,1,26.01962660890814,12.542572590359597,0.39390623016499515,-2.94042491030212
191,1,B,1,A,1,33.67891785238616,19.441195089293313,0.3827828317855963,44.121180037224526
192,1,B,1,A,1,30.627218687348243,28.09676919864439,0.5291958590090506,15.673535863706608
193,1,C,1,C,1,23.31471168828043,15.715077235076588,0.540262142827752,-4.7888102063071045
194,0,C,0,A,1,29.290356796691313,7.706841816817952,0.4290486506615999,31.581452177308115
195,0,A,1,A,1,22.688992185140798,7.930509522768846,0.28064377731336637,54.794411762229025
196,0,A,0,A,0,17.15625773518935,5.294232675310173,0.27476366618903814,33.556514991222116
197,0,B,1,A,0,24.233701523325802,8.699287841998743,0.2824231110617786,9.574172657456398
198,0,B,0,A,1,15.646164025305854,14.993775722184772,0.2651441109551318,60.27632809138336
199,1,A,0,A,0,25.96963646202215,7.856091712861758,0.3234554635791921,57.30751731849472
200,1,B,1,A,0,19.51753812539993,4.26390044869536,0.3378367203896052,-19.051393323594645
201,0,C,0,A,1,32.16574454846817,10.216749217725088,0.3170994768184847,79.15345578915685
202,0,C,0,A,0,18.850007079566474,1.9788268212059545,0.15325586641574926,27.20516926210989
203,1,B,1,A,1,20.77441294256786,28.20701183095167,0.2244974758827499,34.88495706223838
204,1,C,1,C,1,23.051724211409105,10.713326201838314,0.3254568625141261,-85.73923165100614
205,1,B,1,A,1,28.52879658874665,21.018599715941683,0.3876061059094912,33.91261051891264
206,1,A,0,C,0,29.627257338436127,6.554698541933778,0.38545323840009377,81.88177900756412
207,0,B,1,A,1,28.366461805889983,9.098951996139462,0.3590440570031867,63.04856506383531
208,0,A,0,A,0,36.42654330529186,2.1513531670341655,0.3522834186036046,61.02366333216977
209,1,A,1,A,1,20.956262443978883,11.958506348260658,0.45003081523339794,52.65438012844201
210,1,A,1,A,0,57.10577879927101,4.871080600428872,0.522268293694071,23.183455875671868
211,0,B,1,A,1,27.682169312752045,7.450150982030811,0.40883200880590004,46.26642985968991
212,1,A,1,A,0,33.97717375089354,5.7766088401126945,0.5674157714011054,20.93748926687673
213,0,C,0,A,1,32.63800558147056,8.372962507963042,0.7120377680620089,-5.383652232764366
214,1,C,1,A,1,22.20576831717749,14.71930865295081,0.3604414297302704,-19.036246717120093
215,1,A,0,A,0,22.168273011168218,1.2391330648671586,0.37917603450338405,72.12935461361812
216,0,C,1,A,0,32.71995994371697,7.739355798485375,0.3229155832992975,-74.22931816916042
217,0,B,1,B,0,27.355936916731153,4.363453003593683,0.47802957126245227,9.288111950737923
218,1,B,0,A,1,29.410135443598165,15.332027062223423,0.5654219291046237,15.456304552627007
219,0,B,0,B,0,18.4614134105091,10.575187726373695,0.37649597063312745,89.90983549404653
220,1,C,0,A,0,44.2201945432169,7.8350847215311745,0.22588756298196838,51.78580035429038
221,1,A,1,A,0,22.040189109991413,6.747162248514101,0.24280013765949676,66.59667084972298
222,0,B,0,A,1,33.12745670095123,8.930929242825805,0.16782392450940606,27.53500096643846
223,1,B,1,A,1,24.16617157284265,9.074620863523194,0.5927679907903376,-1.387016553428488
224,1,B,0,B,1,43.672955019357424,18.717724458734075,0.12591755644813446,47.166530975986134
225,1,C,0,A,1,44.49300470076424,15.449086117090857,0.3689076595001955,1.0477561459571447
226,0,B,0,A,1,29.709065887235024,11.191220073055158,0.37396492636352763,27.685756269770447
227,0,B,0,A,0,19.25942058615937,3.7000419169622325,0.3383704081999391,-117.9074359291711
228,1,C,1,A,1,36.49764457444218,15.730987181090018,0.41891577127131013,47.88640897651595
229,1,C,0,A,1,22.57104621339143,26.46228423751907,0.5655608742649674,-17.491546927865954
230,1,C,0,A,1,31.572251977870703,12.55920023333968,0.2846843196930991,17.583327414325044
231,0,B,1,A,1,22.808988664758928,5.423684728297197,0.30149818398603917,-24.53703988942309
232,0,B,0,B,1,21.522552660369705,11.021448086885842,0.06984901945870883,17.67641861015349
233,1,A,0,A,0,35.79890863044331,9.709401159873758,0.0709244515860245,43.45329055958412
234,0,B,0,B,0,32.644004641876734,10.114820176090852,0.27862092579596526,30.08593764524813
235,0,A,0,A,0,40.72814016601355,10.88789267013601,0.499542454652988,-16.245998309949513
236,0,A,1,A,1,30.514993640989964,11.384693155738681,0.26457165473035077,7.024833733805025
237,0,C,1,A,1,17.813931011195073,8.696576317889505,0.3730421392870633,-1.254743394314211
238,1,B,1,A,0,13.351857022177754,4.261163106148769,0.3074522471326183,4.406041324072039
239,1,A,0,B,0,16.59693596878595,1.6143976561294928,0.2835760433995081,74.68354877405892
240,0,B,1,A,0,48.162506082270596,3.721868772427105,0.17481899828188846,20.102175362249056
241,0,B,1,A,1,31.461740544401714,6.508700759399437,0.5069368221461703,20.45602027826668
242,1,A,0,A,0,33.1031168563853,8.079531325629507,0.555946128224204,104.96350953541729
243,0,B,1,B,1,24.905212681472314,8.897859917541778,0.33164740984851376,66.93311438809191
244,0,B,1,A,0,24.38917221763204,7.197410350194883,0.16647860218181,87.80126652907025
245,1,C,0,A,1,32.995112233968534,10.976527851739322,0.48124460553429727,13.954016726646843
246,1,C,1,A,1,24.712513628417703,14.52624525799493,0.522541611617611,43.151592681603354
247,0,A,0,A,1,33.2292364746784,11.493623292692494,0.18461438822474774,155.9715116495182
248,1,A,0,A,0,13.713828343689123,5.176520620753484,0.15871196920166766,5.617560428838271
249,0,C,0,B,1,16.25712817998065,10.776112327275985,0.43208352352145235,125.64886787979853
250,0,C,1,C,1,27.922142837357775,10.010205453356276,0.49382425378315936,24.75406328877338
251,1,B,1,C,1,26.983144993491912,15.372375246604388,0.5633600433230116,18.296513610316318
252,0,A,0,A,0,15.116084813726843,5.138365773101752,0.42186590200239754,22.183401426875555
253,1,B,1,A,0,34.84086795080164,7.664774914028333,0.17061590807855673,22.15951173605314
254,0,B,0,C,0,29.597867955294845,6.879436697181317,0.6477305676407753,-18.854785095650875
255,0,A,1,A,1,26.002231139385046,13.337618614953016,0.386630625075353,-14.616483871571688
256,1,A,1,B,0,26.936396527307195,1.7242621555896576,0.3580291318167431,68.35124788717857
257,0,A,1,A,1,30.889993920734742,7.093120659274236,0.4145209878561447,107.99255584595859
258,1,A,1,A,1,25.20677600630195,15.463428409650517,0.5067671804198328,25.48027025587224
259,1,B,0,A,1,38.9282387751236,22.47726272182572,0.3431176334602032,-42.09350733684261
260,0,C,0,A,1,24.598781531420617,3.2559929880638263,0.43609939074252646,14.63844534698567
261,0,A,0,A,0,36.74585796530795,6.697169639054968,0.5906084278091668,100.36911306709926
262,1,C,1,A,1,14.595778659379384,16.83523258536263,0.3045125068879022,35.03050889611643
263,0,A,0,C,1,19.47932967947028,12.02531809906901,0.29057895153533364,0.4478707401584856
264,0,A,0,B,0,28.399223689059927,0.8159879003735995,0.5509022235258453,-11.567027122418956
265,1,C,1,A,1,39.353360952456654,19.794680525287582,0.4603488679726426,66.87366093791621
266,1,A,0,A,0,29.84941386657978,3.562668658780926,0.37441954909325714,53.01221505923809
267,0,C,1,A,0,46.055240826249374,1.8396631085295625,0.3248406635968182,57.37043617675022
268,0,B,0,A,1,29.452040425318664,10.93279752706113,0.21577407094650536,81.07197446131356
269,1,C,0,A,0,23.672704911932687,10.43809999095214,0.5589798995913372,-13.44178659351369
270,1,A,0,A,1,26.222605452930434,17.723351234658516,0.34300245123886924,54.858484246491436
271,0,B,1,B,0,37.605897534475496,5.612176209493418,0.4249962151295924,71.07604649459785
272,0,A,0,A,0,17.815461614810612,2.7533195790282425,0.22521598731382403,18.432067945180144
273,0,A,0,A,0,51.35265347347041,8.120782571858761,0.34609316224994,13.792290815629766
274,0,C,0,A,0,42.589637891356126,5.1496554798803515,0.3534736523416526,62.18992186261829
275,0,A,1,A,1,25.73241367331442,7.901009464120344,0.30580299404123495,-39.430350414605485
276,0,C,1,A,1,28.768184726944533,6.3989451720816914,0.4178545901701045,22.67383014672389
277,0,A,1,A,0,22.921584983541184,3.5904280382183926,0.2647716108891747,-23.983213164379585
278,0,B,0,A,0,19.704458965398032,3.320290002769158,0.2542713033566573,34.53654338417239
279,1,C,0,A,1,29.968901073788963,13.63271972484823,0.442163581695225,-15.421068388788363
280,1,C,0,A,1,27.495930041065584,19.25052358045432,0.4446624759631439,55.63846336376548
281,1,C,1,A,1,20.850036539977026,18.440854271800497,0.2529533651854173,57.72468261691238
282,1,A,1,C,0,14.353572321487073,10.311727170641063,0.41988764943625684,-38.988559343961086
283,0,B,0,A,1,26.24863578166135,9.187945498914743,0.40906285462253783,98.23755863571954
284,1,A,0,A,0,30.119511740683304,0.6673340578759941,0.36561408078911767,15.442602415529098
285,1,B,0,A,1,29.190410108149372,16.46125660094513,0.47145268091507403,6.447088182226757
286,1,A,0,A,1,25.321356739684976,4.552568735661463,0.5566148475629366,22.56609918035482
287,0,A,1,A,0,41.82032305974289,9.696216911885266,0.2790976225468868,51.685813093474124
288,0,B,0,A,1,41.08978094201796,7.322530211112227,0.3205577799498048,-4.671053726782915
289,1,B,0,A,0,30.10767552607536,5.054971733260679,0.3666055492483946,49.24735835569837
290,1,A,0,A,0,35.92031577436941,6.503446625662127,0.39556435492744146,36.9249697067314
291,1,B,0,A,0,19.08424564723406,1.859999202622305,0.2653327323260606,22.02476705390225
292,1,A,1,A,0,22.119185262144008,4.581543147565301,0.38273494460549923,-14.78979246931042
293,1,B,1,A,1,48.19660677513198,19.877059061142322,0.5179044849916197,31.883343154439146
294,0,A,0,A,0,24.177274779200587,9.7171961504338,0.4147908869632413,63.29372362198672
295,1,A,1,C,1,16.680042032336797,13.722828190593512,0.5806687111678069,-25.667771112892503
296,0,A,0,A,1,21.465544521701396,10.786742908155377,0.5232554278869007,7.087583595211502
297,0,B,1,A,1,33.73453857752612,15.55241928218523,0.5101432471389609,-32.497229654876854
298,0,B,1,A,0,24.048212689038344,3.156556698022427,0.31703087091727766,-25.88179048843122
299,1,B,1,A,0,22.058074696678553,8.199645664995925,0.2187821830536368,-0.15154892415500143
300,1,A,1,B,0,32.48964794593509,7.890144109602085,0.6058417410601041,70.9063308773419
301,1,B,1,A,1,8.652067515652814,11.361810907830911,0.21959695692613881,21.335131976451862
302,1,B,1,A,1,30.313956622868197,17.696525739448465,0.8063066617857121,19.36189376251656
303,0,C,1,B,0,33.0638686256692,3.595667457413002,0.35224481378109207,-5.61226767169531
304,0,C,1,A,1,36.23832345546144,15.192012619542723,0.15833185395830635,85.25138088364957
305,0,B,0,A,0,38.01967705762332,1.928838435524237,0.5095696291596225,64.97853914602419
306,0,A,1,B,0,18.80491675827753,7.9941854578085865,0.5961700298686672,26.132620631419073
307,1,A,1,B,0,13.602733037080908,7.710196354056648,0.542672741046765,-27.880891399805954
308,1,A,1,A,1,29.64186306165395,20.26323880845144,0.6336815166352099,50.455214372896464
309,0,A,1,A,0,35.56920376740613,7.692407339453479,0.5362679318417221,36.73281204892601
310,1,B,1,B,0,24.902423529071346,1.5220695619661067,0.5823731225100567,-7.548965319234437
311,0,C,0,A,0,29.008128540549166,8.682491225790747,0.6100702645987609,89.4480668128788
312,0,B,0,B,0,34.3845118099416,0,0.27877934940637716,6.496961223652955
313,0,B,0,C,0,30.21802913038656,4.501483848360404,0.15443299556656162,-66.79468646626621
314,1,A,1,B,0,30.77289503929289,7.148450343616349,0.2545062823653319,28.25699373378276
315,1,C,1,A,0,36.491317188398334,0.8714874166427844,0.4087099215786033,-37.788060235496545
316,0,A,1,A,0,25.7394543107011,2.68291850281586,0.369964225143372,20.13709118082535
317,1,B,1,B,1,20.72214886125166,17.81329232861886,0.4126324390300358,23.21709647463616
318,0,B,1,B,1,21.41559038853915,9.586484226191912,0.5733751108000494,60.84586396623225
319,0,B,1,A,1,23.621142680703205,5.027558764852199,0.2266593125940041,43.33043974657426
320,1,A,1,A,0,37.39965332549552,4.1139498474148946,0.36855094023765106,39.99110042700188
321,0,C,0,A,0,26.170357776306567,2.453350665846238,0.46247989451802757,-17.253948033516266
322,0,B,1,A,0,26.183340208218567,4.668219628986155,0.38607907985134926,-10.29831610475626
323,0,A,0,A,0,33.65101087250758,2.9595240876128504,0.5077292902419693,27.141313710063894
324,0,A,0,C,0,22.86273858388055,8.549798347034095,0.48999106905036394,6.342619908802547
325,1,B,1,A,1,22.33491882420134,22.094393775032792,0.5369348953192453,13.033317114440043
326,0,B,1,A,1,33.96782406657506,4.42538790339232,0.5742156947885687,-18.31021719808237
327,1,A,1,A,1,24.857435555281302,4.0549355050839,0.4598956923167111,-17.914475258547156
328,1,B,0,B,1,38.84188555894197,14.967985271137895,0.4477550816999001,27.42862953666313
329,0,A,0,B,0,51.21407966005938,5.836791034270395,0.5780517043947825,7.637550394360549
330,0,B,1,B,1,35.1039216839106,10.660047242616308,0.47123384052793743,15.101608049694965
331,0,A,1,C,1,30.392993721299423,11.379081511761608,0.5471918686496973,2.8054824590366962
332,0,A,0,A,0,16.96436115545265,0.8522045310504742,0.2885856471728409,35.09040297944571
333,1,B,1,A,0,25.682023750910915,6.806220750451088,0.45839890987983034,32.21516631020786
334,1,C,1,A,0,22.94247446640686,0.23241297369950775,0.2336467190630235,-40.29363761258663
335,0,B,1,A,0,32.49502370224581,3.1285666769542892,0.532227328601618,13.16224592431523
336,1,B,0,A,0,20.996216382860585,7.304886462902503,0.40557419481513274,81.25222495468898
337,0,A,0,B,0,35.98445919153542,2.2576559420082676,0.6079869272301799,7.748547145231607
338,1,B,1,A,0,18.997344674482186,4.88567493650345,0.42181878455195987,-10.105492757943342
339,0,C,0,A,1,34.238177384564196,12.224298228959114,0.40421002653863564,-49.035537813995546
340,1,A,0,A,0,28.799018289666737,0,0.5164292016015694,-19.18703463196141
341,0,C,1,B,1,30.63825278643809,11.881024499196858,0.42083683050046683,-41.124438826775624
342,1,A,0,A,1,22.243515439052448,17.85946047834305,0.23422038491193345,2.005104425586893
343,0,B,0,C,0,33.178166471638,4.225013123160675,0.6545766108170588,8.752441982564811
344,1,A,1,A,0,42.845491439695714,6.698342396200637,0.30440601768183845,94.88574943739783
345,1,B,0,A,1,22.05757052833627,22.83665039598921,0.6574674613425652,-13.5809751492191
346,0,A,0,A,0,19.616913458575944,2.4793829691817977,0.3590557757708832,-8.585888455639434
347,0,B,1,C,0,26.985823465538154,3.001352084514366,0.5963354953969764,52.005686235679924
348,0,C,1,A,0,22.54110856270513,0.8498574399589742,0.2676841882036153,52.866891145052584
349,1,B,1,B,0,33.887559162178675,0.42167722952394726,0.3116436557037209,14.915612439755012
350,1,A,0,A,1,58.68314408263573,26.631364427074367,0.6126696086776093,6.0144063687474425
351,1,A,1,A,1,29.66438219892413,16.99910502888369,0.5398898500731248,35.08253428673644
352,1,C,1,A,0,21.206251567842784,7.677857497578399,0.6479098382600168,34.71562241294558
353,0,C,1,A,1,29.40757534106985,13.500643193672742,0.4736137980701028,28.062142092302523
354,1,C,1,A,1,13.852463775771703,13.688919683785342,0.3727933463954145,-12.742751999153562
355,1,B,0,A,1,43.678745748515546,16.1780585279127,0.5876391990909774,69.93258945150761
356,0,C,0,A,1,19.026580214996276,7.853517566000846,0.3946876207871685,26.856748759301354
357,1,B,0,A,0,29.988510677844726,3.312258832679505,0.4174067696220743,41.75956642250793
358,0,C,1,A,1,31.346581277874726,12.34668076573221,0.341218566877457,-26.290630424152532
359,0,A,1,B,1,33.17925311913838,18.463488852644794,0.7235545289527187,46.425785664927176
360,0,B,0,A,0,19.035597326479753,11.170545379056293,0.4271835329338458,3.2911325059068197
361,0,C,1,A,1,42.245946641438664,8.53161392463149,0.24217111082832027,7.120850469424621
362,1,C,0,A,0,17.27552905250478,7.310608683233266,0.1817808618296482,-17.492509716585467
363,1,C,0,A,1,37.549291774937664,15.924618467732085,0.35494185216981256,-45.563891071458855
364,0,B,0,B,1,26.787700083479404,9.160214151848935,0.21987451440634584,-14.364739481266994
365,0,A,0,C,1,30.694270718997895,12.03153971238229,0.2752377985304964,-0.14028155146012367
366,0,C,1,A,1,35.65486579140133,9.525327449489529,0.8480217694250353,-4.745197662566802
367,0,A,1,C,0,47.7512083865017,3.4919298504077823,0.33837045229686763,-0.33180676363095785
368,1,B,1,A,0,21.43557000240274,3.935642831115105,0.3234239128480149,-6.105108278486572
369,0,A,1,A,0,24.489649600839638,5.1058591642561355,0.4106180173126008,10.330208782476564
370,1,A,1,A,0,24.681336256479536,6.596804514914265,0.15851195131059748,87.25066046856175
371,0,B,0,A,0,20.57421036208217,0.06321023854316721,0.22769895144478247,79.72262224658667
372,1,A,1,B,0,32.43216569457951,0,0.561839345938754,76.7735230607262
373,1,B,1,A,1,20.09524611580848,11.80934635951962,0.406345682503144,-53.587531296632875
374,1,A,0,A,0,36.96029559461007,9.403739225246229,0.24843403049899984,60.02241541908221
375,0,A,0,A,0,25.57765619926637,5.2466829611092045,0.3091987128438327,-71.49233964633291
376,0,A,0,A,1,35.32563713367971,8.19734546608286,0.489268997145917,22.78686905486549
377,1,B,1,B,1,30.73700932431659,19.18143542565879,0.3774550510769933,11.187682689648502
378,1,B,0,A,1,33.29899898125705,8.429022683826467,0.2575514308899437,-21.857477063638576
379,1,B,0,B,0,33.11520419011049,3.376726879375734,0.36335867386392373,37.559997757482485
380,1,A,1,A,0,22.40818082877604,0.5903276317798465,0.3054724614318671,46.1639145246303
381,0,C,1,B,0,17.528720180954885,6.04843684539161,0.4463292545210031,33.12638800204505
382,0,A,0,A,0,28.484532991317586,1.6375368807565387,0.30544108154435823,14.592748089751044
383,0,C,0,B,0,40.43655321129943,1.978711165666613,0.6019482863658533,65.83263221641383
384,0,A,0,B,0,35.42785224753392,8.803661351511257,0.32577463231949044,54.505319352402005
385,0,B,1,A,1,18.8047632941693,9.678120175888608,0.45104034801290016,15.69230376822681
386,0,A,0,B,0,39.42062645997444,7.524136969918601,0.6377039522946434,81.76250022450874
387,1,C,1,B,1,22.188222959713272,25.978837055905085,0.3514725849096081,104.45576463741281
388,0,A,0,C,0,30.908063532510795,8.444662911966946,0.3743595147295667,-29.67819897459688
389,1,C,1,A,0,12.871081263056016,8.380886458100447,0.3247382885430772,47.656806003972164
390,0,B,0,A,0,24.630077083630898,7.990917856136081,0.5020281102513768,-0.10729330414489979
391,1,C,1,A,1,35.32781096920432,7.745994906554473,0.35134943946932645,37.81447761937629
392,1,B,0,B,0,22.588729105050277,11.27101777912464,0.3891979623473755,111.59085684774357
393,1,C,0,A,0,31.941251079101615,7.963157865757638,0.34890759889208295,9.474997068080976
394,0,B,0,A,0,27.067131662387645,6.9199437826708134,0.5466425713506053,-45.27456048528984
395,1,A,1,A,0,29.975304182957217,4.933527720067869,0.37227028139214813,-13.388294980620628
396,1,C,1,A,0,19.489031612089416,4.742826146762076,0.345658217446216,84.34370588867685
397,1,A,1,B,1,27.249012739318736,13.37063648432881,0.20972475241578115,120.96024460697943
398,0,A,0,A,0,16.742185385165342,7.223713138224344,0.2781664371468771,20.61817673489791
399,1,B,1,A,0,23.185343111534493,1.6717401119228565,0.23122927933482385,5.0636552223230815
400,0,A,0,B,1,40.64273508107532,13.139167850880783,0.1598836205305124,46.90858527081125
401,1,C,1,B,1,20.529444157374844,16.5303841920231,0.5843000495572535,62.90598755423605
402,1,B,0,A,0,31.78741466488932,5.938110240853628,0.39137150019405953,51.70408885912437
403,0,A,1,B,1,25.216189280612298,6.7853895852325845,0.6611901834393876,14.938483139767516
404,0,A,1,A,0,27.879263948376625,1.0323797553954366,0.38078408930359026,59.169207427689805
405,1,A,0,A,0,25.36669632819399,4.614713570364597,0.44226463489598106,73.04175887477807
406,0,C,1,A,0,29.489863426928288,6.309986795967344,0.35189802287523464,7.660824372154114
407,0,B,0,B,0,22.74948529159932,0.21634740516763795,0.6221986523555033,6.63028960461514
408,0,B,1,C,0,25.306605561789326,1.3093923509572822,0.2173644030338458,-20.22569783459678
409,1,B,1,B,1,22.509212156709786,18.889368875984463,0.6032426528348076,-3.086265231943223
410,0,A,1,B,0,31.550424455106587,9.474663785812776,0.4079218360253144,10.668459981518854
411,1,A,1,A,1,31.335326927475524,22.07883764720782,0.5351540899569784,50.79014720945533
412,0,C,1,A,0,40.202201018406654,3.155056429162245,0.42207042738588857,14.851673137190598
413,1,A,0,A,0,34.797851575842515,5.1215401040031034,0.5085775017380647,20.59718809772511
414,0,A,0,C,0,21.695583377352918,0.188339886011609,0.5288587778476834,-20.31790276875035
415,1,B,0,A,1,23.292889293886738,11.041926821622686,0.5364218371045633,13.302964897990268
416,1,A,1,A,1,30.865246935289754,7.678636810234945,0.5164439187870495,-11.728984571812472
417,1,C,1,A,1,34.94529541514417,10.58063229262886,0.1997457373731943,34.850496169539106
418,1,C,1,A,0,29.54372743855804,4.243207457074302,0.39906322754228973,45.128889744597544
419,1,A,1,A,1,27.310531835028375,16.58861047717298,0.48791509000854927,26.77866875626058
420,1,B,0,A,1,29.750518154928987,16.103273856386696,0.3837882293347469,32.84081584535174
421,1,B,1,A,1,29.342865588872392,12.879022011407564,0.5164298579719877,42.13526063303085
422,1,A,1,A,0,34.54245207972019,6.838505454982386,0.36162144724738865,-50.09993394677113
423,1,A,0,B,0,30.57258474347711,7.344581141172123,0.3104701372927277,-16.29580283322604
424,0,A,0,A,1,17.0924456303764,11.595592232031407,0.2871284792629494,-0.107718058333095
425,0,C,1,A,1,32.09707529704026,15.013512454804465,0.101396585143498,-69.39845315838123
426,0,B,0,A,1,25.37751546032788,3.931971804370094,0.31316462700318043,9.092802149705328
427,0,B,0,A,0,18.748359996807213,4.3290193828492844,0.329889628214798,-6.89055790082352
428,1,A,0,A,0,20.554227754754987,7.787097178248347,0.31561328956691115,-24.33338587919006
429,1,B,1,A,1,21.785862355109227,16.360178154573404,0.4947086969870039,-27.831220212641718
430,1,A,1,A,0,36.458523666639735,5.841545376730509,0.38507751019688613,34.22543171206957
431,0,B,1,A,1,24.305990753918447,17.242162873322037,0.5675442164497815,32.005508285918715
432,0,A,1,C,0,34.186246565006186,4.925247796888579,0.5484555077518141,2.530343735140061
433,0,B,1,A,0,32.18978037350503,4.021319714496209,0.2882564112697538,-0.26680907531275366
434,1,A,1,A,0,17.37078534527872,9.643690125173986,0.17136105936933035,59.97044956994029
435,0,A,0,A,0,23.1683158780129,1.48116869396243,0.5773511223529114,46.79415621321053
436,0,A,0,A,0,23.51314128126444,2.9253041487529683,0.43119541365317593,21.953967615607027
437,1,B,0,A,0,36.57338929463968,0.9314745067557126,0.26789906498595023,28.161278506001118
438,0,B,1,A,0,25.939569889488617,2.733888627724085,0.38798748609710554,29.570662313142016
439,0,A,1,A,1,24.467328646972376,10.38846053952997,0.177331932690267,93.99088877160196
440,0,A,0,C,0,20.93603292776981,2.4076006511913146,0.5995583790705282,43.571318035008225
441,0,C,1,B,1,16.33046182700807,12.314516118725544,0.4572890439526295,-18.002616281366578
442,0,B,1,A,0,25.773842524747142,4.907638752000096,0.5031054682956662,42.96471810658094
443,1,A,1,A,0,22.118215588838513,7.207843019734813,0.46283044814187424,32.95353056342704
444,1,A,0,A,0,16.808109023824723,0.34772916383506036,0.43698279647589144,13.15566504683324
445,0,C,0,B,1,25.684335366161914,10.878209486883044,0.5627506819128884,83.344540063995
446,1,A,0,A,0,29.15821689405103,3.832806847594314,0.39130040974766545,10.621755502876187
447,0,A,0,A,0,31.896651222503472,3.3536736366068776,0.7517258858118153,47.64099280677289
448,1,B,1,A,1,19.07798082138679,11.569691085341601,0.4514345257296399,-27.232346661820955
449,1,A,0,C,0,43.267910656055776,10.519266239414316,0.42236488522899684,24.97498728099133
450,0,C,1,A,1,27.63761758917009,11.117812854438323,0.5936848638916427,-33.60555531174536
451,1,B,1,A,1,31.55599335214036,19.784137530273693,0.3348281580385913,4.17875038522433
452,1,C,1,A,1,23.918945393770436,19.702325108566853,0.528174537502929,30.84813784707921
453,1,B,1,A,1,56.199061467586255,22.512113910909505,0.4883529089027368,37.510690038531024
454,0,A,1,A,0,30.36616540230589,2.3088064558726975,0.21545893026349713,-23.51896414075204
455,0,B,0,A,1,23.102050281715503,13.328658184679806,0.28558809078490843,9.399337490415409
456,1,B,1,A,0,28.32486725903568,9.724019910648833,0.24988931873179898,40.19722927489431
457,1,B,0,A,0,24.375498106701528,9.5235796351168709,0.3148716347790548,36.40846757270478
458,1,A,1,A,1,22.540584215504595,11.765693269952855,0.4915831988668722,-10.490772802262654
459,1,A,0,A,0,26.728941058331536,8.713249643833361,0.45733019880604847,3.29531324265583
460,1,B,0,A,1,23.174628462944778,15.613478501775528,0.3936205026130425,70.88820266972192
461,1,B,1,A,0,38.982976665676695,0.10585259712006767,0.11378747533948372,39.83351116077545
462,0,A,1,A,0,20.842953990310836,5.596204659772225,0.5480859177936199,34.36845607901098
463,0,A,0,B,0,21.508990538000102,4.935409659947775,0.38677519592965603,8.969968079754784
464,1,A,1,A,1,22.584844371787188,6.119056940692953,0.41313801078283396,26.15009031726593
465,1,C,1,A,1,28.961282749240137,23.981213217691405,0.518347654188316,63.39516139296037
466,1,B,1,B,1,31.444326955732503,6.2267319694514995,0.29860402144154363,19.072683797445993
467,0,A,0,A,1,23.567157328743264,11.338361505145382,0.6423677948007054,48.701841445511064
468,1,B,0,B,0,34.52652311841177,3.481648530078094,0.4488395070434753,4.75800114527758
469,1,B,1,A,1,26.478829655941336,21.37953417140129,0.24502661574169743,-27.684941220618924
470,0,A,0,B,1,29.012328038126142,16.786367903220768,0.4945549078172843,13.356395986322937
471,1,A,0,A,1,26.661188825036845,20.21394453387208,0.16975611917515754,-49.088103549157
472,1,B,0,A,0,50.541730909466594,6.994957081134309,0.25325889334893753,99.35513471390843
473,1,A,1,B,1,31.796679936786695,15.141737670456276,0.3732913223152172,28.73745960800377
474,0,A,0,A,0,20.88514761302304,0,0.3880638265628872,-72.3509491265113
475,0,B,1,B,1,22.4561509836104,14.992070134634758,0.3928237340651784,24.728479259010307
476,0,C,1,B,1,42.511028237207064,13.706583055440255,0.5610661595186138,-21.376723723729064
477,1,B,0,A,0,29.85424770261288,2.7436985448517692,0.15014037611928902,43.403928838417
478,1,C,0,A,0,38.406193785195796,5.804494494219106,0.38358719897384147,5.602352985359795
479,0,B,1,B,0,44.77049258263546,5.058021040326257,0.39437779584412214,11.447694949182052
480,0,C,1,A,0,14.793475341293199,0,0.2832885731107501,-4.705286803242881
481,0,C,0,B,0,28.876094958343295,9.23748534105141,0.8008091259586575,47.48685122424956
482,0,B,0,A,0,35.07130509105798,9.363358330773835,0.43626334959041424,51.226006821645285
483,0,A,1,A,0,30.87197640451877,2.2986157265620006,0.21655680683742073,-16.7903261343248
484,1,B,1,A,1,36.56462419256188,16.048644139135543,0.21244895786842133,28.229910166610175
485,1,A,0,A,1,25.52751624330793,14.276735013710006,0.6459987866249878,7.2616405514577895
486,0,B,1,C,1,31.1227454586124,10.029478737007542,0.30365224823127335,23.43719069583284
487,1,A,1,A,0,51.98390393518034,1.2026624691837302,0.5913356974137071,29.241443255283095
488,1,C,1,A,1,19.092760325285763,14.00305362199062,0.44747629067902484,44.55141293405019
489,0,C,1,C,1,48.422960321096284,6.946357778861458,0.4634539513345473,42.076792998955725
490,1,B,1,A,0,24.67955858974642,8.52653357135066,0.11179587724351857,33.691807646481
491,1,A,0,B,0,24.561957486410936,5.906792197859641,0.2673303858809201,24.12063016007862
492,0,B,0,B,0,21.211373804207508,7.765193766355903,0.16539917672678434,-10.313534127550835
493,0,C,1,A,1,41.46460819103671,10.632928821271848,0.3389457846647073,38.50617784612734
494,0,A,1,A,0,33.31408850377645,5.467615667663695,0.17690760764130986,15.601086352094285
495,1,B,0,A,0,15.85019366819874,6.085322369097008,0.5510088761624452,-11.341016457915579
496,0,A,0,A,0,25.297873987435857,5.122962233243715,0.30508560348091135,-1.7372329409339962
497,0,B,0,A,0,49.476204028715415,6.182094970856147,0.4079563103609445,-8.086219693935842
498,0,B,0,A,0,38.68171908090022,9.578308884029216,0.46059005291130767,45.5367248537151
499,1,A,1,A,0,27.278213732882932,1.636569407260791,0.36427054214341686,-5.9333789325139215
500,0,B,1,A,1,30.733452624143577,5.656956617338908,0.3109335843265819,62.63127555511114
